iter,firing_rate,mean_abs_dW
0,2.278645894193687e-07,0.34425464272499084
1,0.0,5.35704839421669e-06
2,0.0,5.3519001994573046e-06
3,0.0,5.346438229025807e-06
4,0.0,5.341141331882682e-06
5,0.0,5.3357830438471865e-06
6,0.0,5.3304279390431475e-06
7,0.0,5.325131041900022e-06
8,0.0,5.319882802723441e-06
9,0.0,5.3144240155234e-06
10,0.0,5.309224434313364e-06
11,0.0,5.3038206715427805e-06
12,0.0,5.298569249134744e-06
13,0.0,5.293272351991618e-06
14,0.0,5.2879718168696854e-06
15,0.0,5.28262353327591e-06
16,0.0,5.277417130855611e-06
17,0.0,5.272120233712485e-06
18,0.0,5.2668715397885535e-06
19,0.0,5.261574642645428e-06
20,0.0,5.256277745502302e-06
21,0.0,5.251084530755179e-06
22,0.0,5.2457553465501405e-06
23,0.0,5.240561677055666e-06
24,0.0,5.235365279077087e-06
25,0.0,5.23001654073596e-06
26,0.0,5.224823325988837e-06
27,0.0,5.219526428845711e-06
28,0.0,5.2145137487968896e-06
29,0.0,5.209171831666026e-06
30,0.0,5.204030003369553e-06
31,0.0,5.1987849474244285e-06
32,0.0,5.193591732677305e-06
33,0.0,5.18837214258383e-06
34,0.0,5.183230769034708e-06
35,0.0,5.1779852583422326e-06
36,0.0,5.1727984100580215e-06
37,0.0,5.167682502360549e-06
38,0.0,5.162437446415424e-06
39,0.0,5.157399300514953e-06
40,0.0,5.152186531631742e-06
41,0.0,5.146944658918073e-06
42,0.0,5.141906513017602e-06
43,0.0,5.136635536473477e-06
44,0.0,5.131610123498831e-06
45,0.0,5.126520136400359e-06
46,0.0,5.121352387504885e-06
47,0.0,5.116165539220674e-06
48,0.0,5.111078735353658e-06
49,0.0,5.10602149006445e-06
50,0.0,5.100886028230889e-06
51,0.0,5.095821961731417e-06
52,0.0,5.090586455480661e-06
53,0.0,5.085626071377192e-06
54,0.0,5.080600658402545e-06
55,0.0,5.075410626886878e-06
56,0.0,5.070352926850319e-06
57,0.0,5.065217919764109e-06
58,0.0,5.060215244157007e-06
59,0.0,5.055228484707186e-06
60,0.0,5.05017760588089e-06
61,0.0,5.045038960815873e-06
62,0.0,5.039981715526665e-06
63,0.0,5.0349594857834745e-06
64,0.0,5.029895419284003e-06
65,0.0,5.024941401643446e-06
66,0.0,5.019912805437343e-06
67,0.0,5.014958787796786e-06
68,0.0,5.009936558053596e-06
69,0.0,5.004872491554124e-06
70,0.0,4.999798875360284e-06
71,0.0,4.994793016521726e-06
72,0.0,4.989848548575537e-06
73,0.0,4.984862243873067e-06
74,0.0,4.979917775926879e-06
75,0.0,4.974915100319777e-06
76,0.0,4.9699415285431314e-06
77,0.0,4.964880645275116e-06
78,0.0,4.959932994097471e-06
79,0.0,4.95495623908937e-06
80,0.0,4.950011771143181e-06
81,0.0,4.9450641199655365e-06
82,0.0,4.940139206155436e-06
83,0.0,4.935188371746335e-06
84,0.0,4.9302407205686904e-06
85,0.0,4.925263965560589e-06
86,0.0,4.9203194976144005e-06
87,0.0,4.915530098514864e-06
88,0.0,4.910627922072308e-06
89,0.0,4.90570937472512e-06
90,0.0,4.900868589174934e-06
91,0.0,4.895917754765833e-06
92,0.0,4.890970103588188e-06
93,0.0,4.88607702209265e-06
94,0.0,4.881158474745462e-06
95,0.0,4.876311322732363e-06
96,0.0,4.8714186959841754e-06
97,0.0,4.866629296884639e-06
98,0.0,4.861736670136452e-06
99,0.0,4.856789018958807e-06
100,0.0,4.852058282267535e-06
101,0.0,4.847236596106086e-06
102,0.0,4.842292128159897e-06
103,0.0,4.83739950141171e-06
104,0.0,4.832661943510175e-06
105,0.0,4.827872999157989e-06
106,0.0,4.822979917662451e-06
107,0.0,4.818042270926526e-06
108,0.0,4.813408395420993e-06
109,0.0,4.808515313925454e-06
110,0.0,4.803674528375268e-06
111,0.0,4.798995178134646e-06
112,0.0,4.794102551386459e-06
113,0.0,4.789209924638271e-06
114,0.0,4.784582415595651e-06
115,0.0,4.779692972078919e-06
116,0.0,4.774955414177384e-06
117,0.0,4.770224677486112e-06
118,0.0,4.765332050737925e-06
119,0.0,4.760646334034391e-06
120,0.0,4.755811914947117e-06
121,0.0,4.7510743570455816e-06
122,0.0,4.746346348838415e-06
123,0.0,4.74155740448623e-06
124,0.0,4.7368198465846945e-06
125,0.0,4.732095476356335e-06
126,0.0,4.727516170532908e-06
127,0.0,4.722707672044635e-06
128,0.0,4.718073796539102e-06
129,0.0,4.713239377451828e-06
130,0.0,4.708608685177751e-06
131,0.0,4.703780632553389e-06
132,0.0,4.699101282312768e-06
133,0.0,4.69441874884069e-06
134,0.0,4.689713478001067e-06
135,0.0,4.6849827413097955e-06
136,0.0,4.680358415498631e-06
137,0.0,4.675569016399095e-06
138,0.0,4.670941507356474e-06
139,0.0,4.666401309805224e-06
140,0.0,4.661664206651039e-06
141,0.0,4.657039880839875e-06
142,0.0,4.652315055864165e-06
143,0.0,4.647710284189088e-06
144,0.0,4.643134616344469e-06
145,0.0,4.638309746951563e-06
146,0.0,4.633682237908943e-06
147,0.0,4.629187515092781e-06
148,0.0,4.624508164852159e-06
149,0.0,4.619935680238996e-06
150,0.0,4.615236775862286e-06
151,0.0,4.610561063600471e-06
152,0.0,4.605985395755852e-06
153,0.0,4.601490218192339e-06
154,0.0,4.596872258844087e-06
155,0.0,4.592193363350816e-06
156,0.0,4.587653165799566e-06
157,0.0,4.583077043207595e-06
158,0.0,4.578536845656345e-06
159,0.0,4.573912974592531e-06
160,0.0,4.5692854655499104e-06
161,0.0,4.564842129184399e-06
162,0.0,4.560276011034148e-06
163,0.0,4.55568078905344e-06
164,0.0,4.551056463242276e-06
165,0.0,4.546568106889026e-06
166,0.0,4.541995622275863e-06
167,0.0,4.537426320894156e-06
168,0.0,4.532989350991556e-06
169,0.0,4.528365479927743e-06
170,0.0,4.523773441178491e-06
171,0.0,4.519259164226241e-06
172,0.0,4.514767169894185e-06
173,0.0,4.510201051743934e-06
174,0.0,4.5057126953906845e-06
175,0.0,4.501140210777521e-06
176,0.0,4.496806923270924e-06
177,0.0,4.492318566917675e-06
178,0.0,4.487804289965425e-06
179,0.0,4.483257725951262e-06
180,0.0,4.478746632230468e-06
181,0.0,4.47436150352587e-06
182,0.0,4.46984722657362e-06
183,0.0,4.465410256671021e-06
184,0.0,4.4608573261939455e-06
185,0.0,4.456524038687348e-06
186,0.0,4.452022494660923e-06
187,0.0,4.44757324657985e-06
188,0.0,4.443026227818336e-06
189,0.0,4.438692940311739e-06
190,0.0,4.434191851032665e-06
191,0.0,4.429748514667153e-06
192,0.0,4.425357019499643e-06
193,0.0,4.4208559302205686e-06
194,0.0,4.416415777086513e-06
195,0.0,4.412030648381915e-06
196,0.0,4.407580945553491e-06
197,0.0,4.403306320455158e-06
198,0.0,4.398856617626734e-06
199,0.0,4.39455561718205e-06
200,0.0,4.390079993754625e-06
201,0.0,4.3856175580003764e-06
202,0.0,4.381281087262323e-06
203,0.0,4.376818196760723e-06
204,0.0,4.3726081457862165e-06
205,0.0,4.368171175883617e-06
206,0.0,4.363805601315107e-06
207,0.0,4.3593463487923145e-06
208,0.0,4.355077635409543e-06
209,0.0,4.350712060841033e-06
210,0.0,4.3463533074827865e-06
211,0.0,4.342016836744733e-06
212,0.0,4.3376057874411345e-06
213,0.0,4.333382548793452e-06
214,0.0,4.328923296270659e-06
215,0.0,4.3246350287518e-06
216,0.0,4.32044407716603e-06
217,0.0,4.316062586440239e-06
218,0.0,4.311709744797554e-06
219,0.0,4.307266863179393e-06
220,0.0,4.303065907151904e-06
221,0.0,4.298797648516484e-06
222,0.0,4.2943961489072535e-06
223,0.0,4.290172910259571e-06
224,0.0,4.285894647182431e-06
225,0.0,4.281703695596661e-06
226,0.0,4.277312200429151e-06
227,0.0,4.272988917364273e-06
228,0.0,4.268842985766241e-06
229,0.0,4.264519702701364e-06
230,0.0,4.260140940459678e-06
231,0.0,4.255953626852715e-06
232,0.0,4.251678547007032e-06
233,0.0,4.247555352776544e-06
234,0.0,4.243238436174579e-06
235,0.0,4.238963356328895e-06
236,0.0,4.234717380313668e-06
237,0.0,4.230500508128898e-06
238,0.0,4.226293185638497e-06
239,0.0,4.2221281546517275e-06
240,0.0,4.217856712784851e-06
241,0.0,4.213688043819275e-06
242,0.0,4.2094711716345046e-06
243,0.0,4.205251116218278e-06
244,0.0,4.201024694339139e-06
245,0.0,4.196749614493456e-06
246,0.0,4.192536380287493e-06
247,0.0,4.1884195525199175e-06
248,0.0,4.184099452686496e-06
249,0.0,4.179995812592097e-06
250,0.0,4.175730282440782e-06
251,0.0,4.171639830019558e-06
252,0.0,4.1674875319586135e-06
253,0.0,4.1632738430052996e-06
254,0.0,4.1592088564357255e-06
255,0.0,4.155060196353588e-06
256,0.0,4.150840140937362e-06
257,0.0,4.146675109950593e-06
258,0.0,4.142584202782018e-06
259,0.0,4.138441909162793e-06
260,0.0,4.134241407882655e-06
261,0.0,4.13012458011508e-06
262,0.0,4.125975920032943e-06
263,0.0,4.121839538129279e-06
264,0.0,4.117842763662338e-06
265,0.0,4.113629074709024e-06
266,0.0,4.109532255824888e-06
267,0.0,4.105395873921225e-06
268,0.0,4.101299055037089e-06
269,0.0,4.097253622603603e-06
270,0.0,4.0931690818979405e-06
271,0.0,4.089026788278716e-06
272,0.0,4.084961801709142e-06
273,0.0,4.080787221028004e-06
274,0.0,4.076799996255431e-06
275,0.0,4.072664069099119e-06
276,0.0,4.0685604290047195e-06
277,0.0,4.0645991248311475e-06
278,0.0,4.060488663526485e-06
279,0.0,4.056417765241349e-06
280,0.0,4.0523786992707755e-06
281,0.0,4.048307346238289e-06
282,0.0,4.044210072606802e-06
283,0.0,4.040281055495143e-06
284,0.0,4.036193786305375e-06
285,0.0,4.032122433272889e-06
286,0.0,4.028206149087055e-06
287,0.0,4.02406385546783e-06
288,0.0,4.0200961848313455e-06
289,0.0,4.016043931187596e-06
290,0.0,4.01197257815511e-06
291,0.0,4.008014457212994e-06
292,0.0,4.004053153039422e-06
293,0.0,4.000007720605936e-06
294,0.0,3.995943188783713e-06
295,0.0,3.9920269045978785e-06
296,0.0,3.988016942457762e-06
297,0.0,3.984075192420278e-06
298,0.0,3.980010205850704e-06
299,0.0,3.976100742875133e-06
300,0.0,3.9720844142721035e-06
301,0.0,3.9681749512965325e-06
302,0.0,3.964084044127958e-06
303,0.0,3.960184130846756e-06
304,0.0,3.956274667871185e-06
305,0.0,3.952261522499612e-06
306,0.0,3.948297035094583e-06
307,0.0,3.9443352761736605e-06
308,0.0,3.940380793210352e-06
309,0.0,3.936577741114888e-06
310,0.0,3.932570962206228e-06
311,0.0,3.928612841264112e-06
312,0.0,3.924755219486542e-06
313,0.0,3.920690232916968e-06
314,0.0,3.916842160833767e-06
315,0.0,3.912990450771758e-06
316,0.0,3.908980943378992e-06
317,0.0,3.9050710256560706e-06
318,0.0,3.901229320035782e-06
319,0.0,3.897319857060211e-06
320,0.0,3.89337446904392e-06
321,0.0,3.889465006068349e-06
322,0.0,3.885687874571886e-06
323,0.0,3.881746124534402e-06
324,0.0,3.877788003592286e-06
325,0.0,3.8739817682653666e-06
326,0.0,3.870088221447077e-06
327,0.0,3.86626288673142e-06
328,0.0,3.862421181111131e-06
329,0.0,3.858411218971014e-06
330,0.0,3.8546245377801824e-06
331,0.0,3.850744178635068e-06
332,0.0,3.846950676233973e-06
333,0.0,3.843102604150772e-06
334,0.0,3.839338660327485e-06
335,0.0,3.83539645554265e-06
336,0.0,3.8315938581945375e-06
337,0.0,3.827778073173249e-06
338,0.0,3.8238231354625896e-06
339,0.0,3.820032816292951e-06
340,0.0,3.816223852481926e-06
341,0.0,3.8124208003864624e-06
342,0.0,3.8086081985966302e-06
343,0.0,3.8047664929763414e-06
344,0.0,3.8009959553164663e-06
345,0.0,3.7971508390910458e-06
346,0.0,3.7933998555672588e-06
347,0.0,3.7896097637712955e-06
348,0.0,3.7858392261114204e-06
349,0.0,3.7819975204911316e-06
350,0.0,3.7782367598993005e-06
351,0.0,3.7744466681033373e-06
352,0.0,3.7707861793023767e-06
353,0.0,3.766970166907413e-06
354,0.0,3.7631866689480375e-06
355,0.0,3.7594227251247503e-06
356,0.0,3.7556683309958316e-06
357,0.0,3.7518848330364563e-06
358,0.0,3.7481725030374946e-06
359,0.0,3.7444146983034443e-06
360,0.0,3.7406182400445687e-06
361,0.0,3.736912503882195e-06
362,0.0,3.73315492652182e-06
363,0.0,3.7294230423867702e-06
364,0.0,3.7256654650263954e-06
365,0.0,3.7219078876660205e-06
366,0.0,3.718357220350299e-06
367,0.0,3.7145994156162487e-06
368,0.0,3.710822511493461e-06
369,0.0,3.7070583402964985e-06
370,0.0,3.7033653370599495e-06
371,0.0,3.699769422382815e-06
372,0.0,3.69601184502244e-06
373,0.0,3.6923577226843918e-06
374,0.0,3.6887036003463436e-06
375,0.0,3.6849976368102944e-06
376,0.0,3.681246425912832e-06
377,0.0,3.6774629279534565e-06
378,0.0,3.6739770621352363e-06
379,0.0,3.6702194847748615e-06
380,0.0,3.6665198877017247e-06
381,0.0,3.6628657653636765e-06
382,0.0,3.6591695788956713e-06
383,0.0,3.65563187187945e-06
384,0.0,3.651874294519075e-06
385,0.0,3.64825245924294e-06
386,0.0,3.6446629110287176e-06
387,0.0,3.6409635413292563e-06
388,0.0,3.637416057244991e-06
389,0.0,3.6337166875455296e-06
390,0.0,3.6300302781455684e-06
391,0.0,3.6264214031689335e-06
392,0.0,3.622786607593298e-06
393,0.0,3.6192134302837076e-06
394,0.0,3.6155138332105707e-06
395,0.0,3.6119827200309373e-06
396,0.0,3.608276756494888e-06
397,0.0,3.604748826546711e-06
398,0.0,3.6010751500725746e-06
399,0.0,3.5975438095192658e-06
400,0.0,3.5938930977863492e-06
401,0.0,3.590296955735539e-06
402,0.0,3.586688080758904e-06
403,0.0,3.583150373742683e-06
404,0.0,3.5796094834950054e-06
405,0.0,3.5759487673203694e-06
406,0.0,3.572459718270693e-06
407,0.0,3.5687730814970564e-06
408,0.0,3.5652483347803354e-06
409,0.0,3.5617204048321582e-06
410,0.0,3.5581178963184357e-06
411,0.0,3.5546254366636276e-06
412,0.0,3.5510456655174494e-06
413,0.0,3.547423830241314e-06
414,0.0,3.54394114765455e-06
415,0.0,3.540435727700242e-06
416,0.0,3.5367913824302377e-06
417,0.0,3.533337576300255e-06
418,0.0,3.5298678540129913e-06
419,0.0,3.5262589790363563e-06
420,0.0,3.522666247590678e-06
421,0.0,3.5192126688343706e-06
422,0.0,3.515684511512518e-06
423,0.0,3.512127477733884e-06
424,0.0,3.5086834486719454e-06
425,0.0,3.5051909890171373e-06
426,0.0,3.5016305446333718e-06
427,0.0,3.4980475902557373e-06
428,0.0,3.4946035611937987e-06
429,0.0,3.4911531656689476e-06
430,0.0,3.4876802601502277e-06
431,0.0,3.4842169043258764e-06
432,0.0,3.480614395812154e-06
433,0.0,3.4771640002873028e-06
434,0.0,3.473687684163451e-06
435,0.0,3.470234105407144e-06
436,0.0,3.4667900763452053e-06
437,0.0,3.463336497588898e-06
438,0.0,3.4598601814650465e-06
439,0.0,3.456467993601109e-06
440,0.0,3.452914143053931e-06
441,0.0,3.4494603369239485e-06
442,0.0,3.4460229016985977e-06
443,0.0,3.442598426772747e-06
444,0.0,3.4391512144793523e-06
445,0.0,3.4357008189545013e-06
446,0.0,3.432302037253976e-06
447,0.0,3.4288709684915375e-06
448,0.0,3.4254237561981427e-06
449,0.0,3.422031568334205e-06
450,0.0,3.418581172809354e-06
451,0.0,3.4151889849454165e-06
452,0.0,3.411735406189109e-06
453,0.0,3.4082913771271706e-06
454,0.0,3.4049121495627332e-06
455,0.0,3.401513367862208e-06
456,0.0,3.398075932636857e-06
457,0.0,3.394677378310007e-06
458,0.0,3.3912431263161125e-06
459,0.0,3.387896185813588e-06
460,0.0,3.384510364412563e-06
461,0.0,3.3811634239100385e-06
462,0.0,3.3777841963456012e-06
463,0.0,3.3743920084816637e-06
464,0.0,3.3710514344420517e-06
465,0.0,3.3676722068776144e-06
466,0.0,3.3642281778156757e-06
467,0.0,3.3608587273192825e-06
468,0.0,3.3574792723811697e-06
469,0.0,3.35424238073756e-06
470,0.0,3.350847009642166e-06
471,0.0,3.347419124111184e-06
472,0.0,3.3441563118685735e-06
473,0.0,3.3407284263375914e-06
474,0.0,3.3374883514625253e-06
475,0.0,3.334112307129544e-06
476,0.0,3.3307976536889328e-06
477,0.0,3.3274216093559517e-06
478,0.0,3.32418130710721e-06
479,0.0,3.3208343666046858e-06
480,0.0,3.317438995509292e-06
481,0.0,3.3141145650006365e-06
482,0.0,3.3109067771874834e-06
483,0.0,3.3075307328545023e-06
484,0.0,3.3041901588148903e-06
485,0.0,3.3009953313012375e-06
486,0.0,3.2976031434373e-06
487,0.0,3.2942787129286444e-06
488,0.0,3.2910288609855343e-06
489,0.0,3.2877433113753796e-06
490,0.0,3.2844482120708562e-06
491,0.0,3.2812240533530712e-06
492,0.0,3.2779159937490476e-06
493,0.0,3.274591563240392e-06
494,0.0,3.2714451663196087e-06
495,0.0,3.268007731094258e-06
496,0.0,3.264754468546016e-06
497,0.0,3.261540086896275e-06
498,0.0,3.258244987591752e-06
499,0.0,3.2550046853430104e-06
500,0.0,3.2517611998628126e-06
501,0.0,3.2486245800100733e-06
502,0.0,3.245196694479091e-06
503,0.0,3.2420373372588074e-06
504,0.0,3.2387163173552835e-06
505,0.0,3.235476015106542e-06
506,0.0,3.2323362120223464e-06
507,0.0,3.2289535738527775e-06
508,0.0,3.2258135433949064e-06
509,0.0,3.22256050822034e-06
510,0.0,3.219342943339143e-06
511,0.0,3.216196319044684e-06
512,0.0,3.212956244169618e-06
513,0.0,3.209764372513746e-06
514,0.0,3.206443352610222e-06
515,0.0,3.203355163350352e-06
516,0.0,3.2001116778701544e-06
517,0.0,3.196965280949371e-06
518,0.0,3.1936474442773033e-06
519,0.0,3.1905074138194323e-06
520,0.0,3.187318952768692e-06
521,0.0,3.184182105542277e-06
522,0.0,3.1809904612600803e-06
523,0.0,3.17780200020934e-06
524,0.0,3.1745844353281427e-06
525,0.0,3.171447588101728e-06
526,0.0,3.1682559438195312e-06
527,0.0,3.165060888932203e-06
528,0.0,3.161972699672333e-06
529,0.0,3.1587971989210928e-06
530,0.0,3.1555568966723513e-06
531,0.0,3.1524718906439375e-06
532,0.0,3.149280246361741e-06
533,0.0,3.146143399135326e-06
534,0.0,3.1429517548531294e-06
535,0.0,3.139869932056172e-06
536,0.0,3.1366912480734754e-06
537,0.0,3.1336578558693873e-06
538,0.0,3.130469394818647e-06
539,0.0,3.1273327749659074e-06
540,0.0,3.124212071270449e-06
541,0.0,3.121078634649166e-06
542,0.0,3.117941787422751e-06
543,0.0,3.1148019843385555e-06
544,0.0,3.111681280643097e-06
545,0.0,3.1085946829989552e-06
546,0.0,3.105485347987269e-06
547,0.0,3.102360096818302e-06
548,0.0,3.0992782740213443e-06
549,0.0,3.0961916763772024e-06
550,0.0,3.0930241337046027e-06
551,0.0,3.08999096887419e-06
552,0.0,3.086933475060505e-06
553,0.0,3.083859610342188e-06
554,0.0,3.0807261737209046e-06
555,0.0,3.07760728901485e-06
556,0.0,3.0746030006412184e-06
557,0.0,3.0714809327037074e-06
558,0.0,3.068445948883891e-06
559,0.0,3.065428927584435e-06
560,0.0,3.0622711619798793e-06
561,0.0,3.0591893391829217e-06
562,0.0,3.0561707262677373e-06
563,0.0,3.053124373764149e-06
564,0.0,3.050047553188051e-06
565,0.0,3.0470303045149194e-06
566,0.0,3.0439227884926368e-06
567,0.0,3.0409589726332342e-06
568,0.0,3.037903070435277e-06
569,0.0,3.034884457520093e-06
570,0.0,3.0317507935251342e-06
571,0.0,3.028766059287591e-06
572,0.0,3.0257442631409504e-06
573,0.0,3.0226947274059057e-06
574,0.0,3.019729319930775e-06
575,0.0,3.0166847864165902e-06
576,0.0,3.013661171280546e-06
577,0.0,3.0106700705800904e-06
578,0.0,3.0076528219069587e-06
579,0.0,3.0046019219298614e-06
580,0.0,3.0016365144547308e-06
581,0.0,2.9985999390191864e-06
582,0.0,2.9956734124425566e-06
583,0.0,2.992682311742101e-06
584,0.0,2.989619815707556e-06
585,0.0,2.986680328831426e-06
586,0.0,2.983681042678654e-06
587,0.0,2.980664021379198e-06
588,0.0,2.9776792871416546e-06
589,0.0,2.974713879666524e-06
590,0.0,2.9717291454289807e-06
591,0.0,2.9687896585528506e-06
592,0.0,2.9658178846148076e-06
593,0.0,2.9628783977386774e-06
594,0.0,2.9598968467325903e-06
595,0.0,2.9569314392574597e-06
596,0.0,2.9539467050199164e-06
597,0.0,2.9510135846066987e-06
598,0.0,2.948024075521971e-06
599,0.0,2.94512005893921e-06
600,0.0,2.94218057206308e-06
601,0.0,2.9391828775260365e-06
602,0.0,2.9362984150793636e-06
603,0.0,2.933339601440821e-06
604,0.0,2.930403297796147e-06
605,0.0,2.9274717689986574e-06
606,0.0,2.924538875959115e-06
607,0.0,2.9216544135124423e-06
608,0.0,2.9187731342972256e-06
609,0.0,2.91576407107641e-06
610,0.0,2.912827767431736e-06
611,0.0,2.9099983294145204e-06
612,0.0,2.907078169300803e-06
613,0.0,2.904146867876989e-06
614,0.0,2.9012621780566406e-06
615,0.0,2.8983859010622837e-06
616,0.0,2.8953977562196087e-06
617,0.0,2.8925198876095237e-06
618,0.0,2.8896886306029046e-06
619,0.0,2.8867589207948186e-06
620,0.0,2.883876049963874e-06
621,0.0,2.8810109142796136e-06
622,0.0,2.8781262244592654e-06
623,0.0,2.8752499474649085e-06
624,0.0,2.8723654850182356e-06
625,0.0,2.8694889806502033e-06
626,0.0,2.8666772777796723e-06
627,0.0,2.863792587959324e-06
628,0.0,2.8609679247892927e-06
629,0.0,2.8580350317497505e-06
630,0.0,2.855219918274088e-06
631,0.0,2.852342049664003e-06
632,0.0,2.84951397588884e-06
633,0.0,2.846637698894483e-06
634,0.0,2.843846914402093e-06
635,0.0,2.8409704100340605e-06
636,0.0,2.838142563632573e-06
637,0.0,2.8353290417726384e-06
638,0.0,2.8323977403488243e-06
639,0.0,2.829573077178793e-06
640,0.0,2.8267354537092615e-06
641,0.0,2.8239057883183705e-06
642,0.0,2.8210295113240136e-06
643,0.0,2.8182178084534826e-06
644,0.0,2.815444759107777e-06
645,0.0,2.812655566231115e-06
646,0.0,2.8098293114453554e-06
647,0.0,2.8070176085748244e-06
648,0.0,2.8041670248057926e-06
649,0.0,2.8014069357595872e-06
650,0.0,2.798582272589556e-06
651,0.0,2.7957576094195247e-06
652,0.0,2.792971827147994e-06
653,0.0,2.7902506190002896e-06
654,0.0,2.787438688756083e-06
655,0.0,2.7846399461850524e-06
656,0.0,2.781879857138847e-06
657,0.0,2.7790940748673165e-06
658,0.0,2.776321025521611e-06
659,0.0,2.773512505882536e-06
660,0.0,2.7707656045095064e-06
661,0.0,2.7679570848704316e-06
662,0.0,2.7651581149257254e-06
663,0.0,2.762449867077521e-06
664,0.0,2.759715698630316e-06
665,0.0,2.756942876658286e-06
666,0.0,2.7541375402506674e-06
667,0.0,2.7514552130014636e-06
668,0.0,2.748683755271486e-06
669,0.0,2.745949586824281e-06
670,0.0,2.743170171015663e-06
671,0.0,2.740397349043633e-06
672,0.0,2.737611339398427e-06
673,0.0,2.734959707595408e-06
674,0.0,2.7322159894538345e-06
675,0.0,2.7294590836390853e-06
676,0.0,2.7267265068076085e-06
677,0.0,2.7239698283665348e-06
678,0.0,2.721277724049287e-06
679,0.0,2.718543555602082e-06
680,0.0,2.7158432658325182e-06
681,0.0,2.7131609385833144e-06
682,0.0,2.710486569412751e-06
683,0.0,2.7077653612650465e-06
684,0.0,2.7049859454564285e-06
685,0.0,2.7023052098229527e-06
686,0.0,2.6996001452062046e-06
687,0.0,2.696922592804185e-06
688,0.0,2.694191834962112e-06
689,0.0,2.6914754016615916e-06
690,0.0,2.688796257643844e-06
691,0.0,2.6861218884732807e-06
692,0.0,2.6834943582798587e-06
693,0.0,2.680739271454513e-06
694,0.0,2.6781151518662227e-06
695,0.0,2.675382575034746e-06
696,0.0,2.6728100692707812e-06
697,0.0,2.670006551852566e-06
698,0.0,2.6673806132748723e-06
699,0.0,2.664675548658124e-06
700,0.0,2.662023916855105e-06
701,0.0,2.6593738766678143e-06
702,0.0,2.656699507497251e-06
703,0.0,2.6540737962932326e-06
704,0.0,2.6513687316764845e-06
705,0.0,2.6487462037039222e-06
706,0.0,2.646149368956685e-06
707,0.0,2.643497737153666e-06
708,0.0,2.6408736175653758e-06
709,0.0,2.638225168993813e-06
710,0.0,2.6355767204222502e-06
711,0.0,2.6328991680202307e-06
712,0.0,2.6302991500415374e-06
713,0.0,2.627623189255246e-06
714,0.0,2.62509115600551e-06
715,0.0,2.622416786834947e-06
716,0.0,2.6197424176643835e-06
717,0.0,2.617145810290822e-06
718,0.0,2.6145232823182596e-06
719,0.0,2.6119491849385668e-06
720,0.0,2.6093168798979605e-06
721,0.0,2.6067443741339957e-06
722,0.0,2.6040700049634324e-06
723,0.0,2.6015252387878718e-06
724,0.0,2.598876790216309e-06
725,0.0,2.596292915768572e-06
726,0.0,2.5937220016203355e-06
727,0.0,2.5910994736477733e-06
728,0.0,2.5884542083076667e-06
729,0.0,2.5859480956569314e-06
730,0.0,2.583325567684369e-06
731,0.0,2.580782165750861e-06
732,0.0,2.578204885139712e-06
733,0.0,2.57558235716715e-06
734,0.0,2.5730114430189133e-06
735,0.0,2.5704405288706766e-06
736,0.0,2.5678600650280714e-06
737,0.0,2.5653150714788353e-06
738,0.0,2.5628089588281e-06
739,0.0,2.5601395918783965e-06
740,0.0,2.557623702159617e-06
741,0.0,2.55503982771188e-06
742,0.0,2.5524980173941003e-06
743,0.0,2.549980536059593e-06
744,0.0,2.5474000722169876e-06
745,0.0,2.5449101030972088e-06
746,0.0,2.542300535424147e-06
747,0.0,2.5397862373210955e-06
748,0.0,2.537257387302816e-06
749,0.0,2.534715576985036e-06
750,0.0,2.532159442125703e-06
751,0.0,2.529643552406924e-06
752,0.0,2.5270921923947753e-06
753,0.0,2.524574711060268e-06
754,0.0,2.5220717816409888e-06
755,0.0,2.519479721740936e-06
756,0.0,2.516976792321657e-06
757,0.0,2.5145127438008785e-06
758,0.0,2.5120114059973275e-06
759,0.0,2.5094439024542226e-06
760,0.0,2.506968485249672e-06
761,0.0,2.5044525955308927e-06
762,0.0,2.501954440958798e-06
763,0.0,2.499474248907063e-06
764,0.0,2.4969372134364676e-06
765,0.0,2.4944085907918634e-06
766,0.0,2.4919493171182694e-06
767,0.0,2.4894429770938586e-06
768,0.0,2.4869707431207644e-06
769,0.0,2.4844566723913886e-06
770,0.0,2.4820085400278913e-06
771,0.0,2.4795074295980157e-06
772,0.0,2.477043153703562e-06
773,0.0,2.4745452265051426e-06
774,0.0,2.4720695819269167e-06
775,0.0,2.469621676937095e-06
776,0.0,2.4671364826645004e-06
777,0.0,2.46466106545995e-06
778,0.0,2.4622406726848567e-06
779,0.0,2.4598023173894035e-06
780,0.0,2.457301206959528e-06
781,0.0,2.4548546662117587e-06
782,0.0,2.4523567390133394e-06
783,0.0,2.4499313440173864e-06
784,0.0,2.447446149744792e-06
785,0.0,2.4449739157716976e-06
786,0.0,2.442579443595605e-06
787,0.0,2.4401815608143806e-06
788,0.0,2.4377077352255583e-06
789,0.0,2.4352484615519643e-06
790,0.0,2.4328053314093268e-06
791,0.0,2.4303849386342335e-06
792,0.0,2.4279870558530092e-06
793,0.0,2.425566663077916e-06
794,0.0,2.4231203497038223e-06
795,0.0,2.4206997295550536e-06
796,0.0,2.41825341618096e-06
797,0.0,2.4158719043043675e-06
798,0.0,2.41342877416173e-06
799,0.0,2.4110081540129613e-06
800,0.0,2.4086136818368686e-06
801,0.0,2.4061898784566438e-06
802,0.0,2.4037467483140063e-06
803,0.0,2.401378196736914e-06
804,0.0,2.3990094177861465e-06
805,0.0,2.3966147182363784e-06
806,0.0,2.394171588093741e-06
807,0.0,2.3918030365166487e-06
808,0.0,2.38938241636788e-06
809,0.0,2.387017048022244e-06
810,0.0,2.3846482690714765e-06
811,0.0,2.3822310595278395e-06
812,0.0,2.3798929760232568e-06
813,0.0,2.3774725832481636e-06
814,0.0,2.375106987528852e-06
815,0.0,2.3727125153527595e-06
816,0.0,2.370343736401992e-06
817,0.0,2.367992692597909e-06
818,0.0,2.3656241410208168e-06
819,0.0,2.3632585453015054e-06
820,0.0,2.360892949582194e-06
821,0.0,2.358529172852286e-06
822,0.0,2.3561603939015185e-06
823,0.0,2.3537950255558826e-06
824,0.0,2.351427838220843e-06
825,0.0,2.3491561478294898e-06
826,0.0,2.3467389382858528e-06
827,0.0,2.3444235921488144e-06
828,0.0,2.342057996429503e-06
829,0.0,2.339692628083867e-06
830,0.0,2.3374450393021107e-06
831,0.0,2.3350796709564747e-06
832,0.0,2.3327156668528914e-06
833,0.0,2.3303759917325806e-06
834,0.0,2.3280622372112703e-06
835,0.0,2.3257630346051883e-06
836,0.0,2.323371745660552e-06
837,0.0,2.3210595827549696e-06
838,0.0,2.3187587885331595e-06
839,0.0,2.316472546226578e-06
840,0.0,2.3141587917052675e-06
841,0.0,2.311823891432141e-06
842,0.0,2.309468300154549e-06
843,0.0,2.307159320480423e-06
844,0.0,2.3048971797834383e-06
845,0.0,2.3025754671834875e-06
846,0.0,2.300289224876906e-06
847,0.0,2.2979786535870517e-06
848,0.0,2.295727881573839e-06
849,0.0,2.293339775860659e-06
850,0.0,2.2910664938535774e-06
851,0.0,2.2888093553774524e-06
852,0.0,2.286495600856142e-06
853,0.0,2.2841995814815164e-06
854,0.0,2.2819133391749347e-06
855,0.0,2.2796416487835813e-06
856,0.0,2.277381327076e-06
857,0.0,2.2750982680008747e-06
858,0.0,2.2727763280272484e-06
859,0.0,2.270514414703939e-06
860,0.0,2.268244315928314e-06
861,0.0,2.265987177452189e-06
862,0.0,2.263765509269433e-06
863,0.0,2.26150677917758e-06
864,0.0,2.259236680401955e-06
865,0.0,2.256976131320698e-06
866,0.0,2.254706032545073e-06
867,0.0,2.2524229734699475e-06
868,0.0,2.2501756120618666e-06
869,0.0,2.2478957362181973e-06
870,0.0,2.2457275008491706e-06
871,0.0,2.243483322672546e-06
872,0.0,2.241197080365964e-06
873,0.0,2.23897882278834e-06
874,0.0,2.2366957637132145e-06
875,0.0,2.2345063825923717e-06
876,0.0,2.2322558379528346e-06
877,0.0,2.230027575933491e-06
878,0.0,2.2277511106949532e-06
879,0.0,2.225587650173111e-06
880,0.0,2.2233371055335738e-06
881,0.0,2.2211122541193618e-06
882,0.0,2.2188874027051497e-06
883,0.0,2.2166723283589818e-06
884,0.0,2.214418373114313e-06
885,0.0,2.2122517293610144e-06
886,0.0,2.210004140579258e-06
887,0.0,2.207831130363047e-06
888,0.0,2.2056419766158797e-06
889,0.0,2.2034171252016677e-06
890,0.0,2.201200231866096e-06
891,0.0,2.199017444581841e-06
892,0.0,2.1967798602418043e-06
893,0.0,2.1946034394204617e-06
894,0.0,2.1923656277067494e-06
895,0.0,2.190241048083408e-06
896,0.0,2.1880503027205123e-06
897,0.0,2.1858675154362572e-06
898,0.0,2.1836360701854574e-06
899,0.0,2.1814662432007026e-06
900,0.0,2.1793125597469043e-06
901,0.0,2.1771313640783774e-06
902,0.0,2.1749162897322094e-06
903,0.0,2.1727400962845422e-06
904,0.0,2.1705943709093845e-06
905,0.0,2.1684181774617173e-06
906,0.0,2.166267677239375e-06
907,0.0,2.1640687464241637e-06
908,0.0,2.1619457584165502e-06
909,0.0,2.1597563772957074e-06
910,0.0,2.1575817754637683e-06
911,0.0,2.155418314941926e-06
912,0.0,2.1532841856242158e-06
913,0.0,2.1511223167181015e-06
914,0.0,2.148987960026716e-06
915,0.0,2.1468085833475925e-06
916,0.0,2.1446985556394793e-06
917,0.0,2.1425739760161377e-06
918,0.0,2.1403830032795668e-06
919,0.0,2.138216359526268e-06
920,0.0,2.136145212716656e-06
921,0.0,2.1339817521948135e-06
922,0.0,2.1318492144928314e-06
923,0.0,2.1297116745699896e-06
924,0.0,2.1275595827319194e-06
925,0.0,2.125477067238535e-06
926,0.0,2.123341118931421e-06
927,0.0,2.1212586034380365e-06
928,0.0,2.119058081007097e-06
929,0.0,2.116922132699983e-06
930,0.0,2.114865537805599e-06
931,0.0,2.1127100353623973e-06
932,0.0,2.1106534404680133e-06
933,0.0,2.1085143089294434e-06
934,0.0,2.1064302018203307e-06
935,0.0,2.104295845128945e-06
936,0.0,2.1021728571213316e-06
937,0.0,2.100098527080263e-06
938,0.0,2.097960987157421e-06
939,0.0,2.0958800632797647e-06
940,0.0,2.0937700355716515e-06
941,0.0,2.0917134406772675e-06
942,0.0,2.089583858833066e-06
943,0.0,2.0875029349554097e-06
944,0.0,2.085409050778253e-06
945,0.0,2.0833331291214563e-06
946,0.0,2.0812522052438e-06
947,0.0,2.0791937913600123e-06
948,0.0,2.077093540719943e-06
949,0.0,2.075059455819428e-06
950,0.0,2.0729851257783594e-06
951,0.0,2.070904201900703e-06
952,0.0,2.068832827717415e-06
953,0.0,2.0667616809078027e-06
954,0.0,2.06467757379869e-06
955,0.0,2.0625770957849454e-06
956,0.0,2.060494580291561e-06
957,0.0,2.058536665572319e-06
958,0.0,2.0564557416946627e-06
959,0.0,2.054407104878919e-06
960,0.0,2.052339141300763e-06
961,0.0,2.0502354800555622e-06
962,0.0,2.0481902538449503e-06
963,0.0,2.0461739040911198e-06
964,0.0,2.0441252672753762e-06
965,0.0,2.0420702639967203e-06
966,0.0,2.0400086668814765e-06
967,0.0,2.038011871263734e-06
968,0.0,2.0359730115160346e-06
969,0.0,2.033924374700291e-06
970,0.0,2.031911435551592e-06
971,0.0,2.029865981967305e-06
972,0.0,2.027823938988149e-06
973,0.0,2.0257787127775373e-06
974,0.0,2.0237946500856197e-06
975,0.0,2.021746013269876e-06
976,0.0,2.019729890889721e-06
977,0.0,2.017707174672978e-06
978,0.0,2.015676273003919e-06
979,0.0,2.013692437685677e-06
980,0.0,2.0116212908760644e-06
981,0.0,2.009689069382148e-06
982,0.0,2.007656576097361e-06
983,0.0,2.005601572818705e-06
984,0.0,2.0036484329466475e-06
985,0.0,2.0016127564304043e-06
986,0.0,1.999619144044118e-06
987,0.0,1.9976093881268753e-06
988,0.0,1.9956287360400893e-06
989,0.0,1.993623754970031e-06
990,0.0,1.9916269593522884e-06
991,0.0,1.9896463072655024e-06
992,0.0,1.9876622445735848e-06
993,0.0,1.9856572635035263e-06
994,0.0,1.983683205253328e-06
995,0.0,1.9816864096355857e-06
996,0.0,1.979707349164528e-06
997,0.0,1.977752390303067e-06
998,0.0,1.975742634385824e-06
999,0.0,1.973789494513767e-06
1000,0.0,1.971760184460436e-06
1001,0.0,1.969831373571651e-06
1002,0.0,1.96788141693105e-06
1003,0.0,1.965900764844264e-06
1004,0.0,1.9639476249722065e-06
1005,0.0,1.9619926661107456e-06
1006,0.0,1.9599895040300908e-06
1007,0.0,1.9580395473894896e-06
1008,0.0,1.9561105091270292e-06
1009,0.0,1.954105528056971e-06
1010,0.0,1.9521830836310983e-06
1011,0.0,1.9502040231600404e-06
1012,0.0,1.9483009054965805e-06
1013,0.0,1.94630251826311e-06
1014,0.0,1.94438644030015e-06
1015,0.0,1.942459221027093e-06
1016,0.0,1.940514039233676e-06
1017,0.0,1.9385349787626183e-06
1018,0.0,1.9366125343367457e-06
1019,0.0,1.934675537995645e-06
1020,0.0,1.9327530935697723e-06
1021,0.0,1.93082564692304e-06
1022,0.0,1.9289047941128956e-06
1023,0.0,1.92693710232561e-06
1024,0.0,1.9250162495154655e-06
1025,0.0,1.9231165424571373e-06
1026,0.0,1.9211697690479923e-06
1027,0.0,1.9192552827007603e-06
1028,0.0,1.917336021506344e-06
1029,0.0,1.915437906063744e-06
1030,0.0,1.9135072761855554e-06
1031,0.0,1.9116107523586834e-06
1032,0.0,1.9096705727861263e-06
1033,0.0,1.907752903207438e-06
1034,0.0,1.9058708176089567e-06
1035,0.0,1.9039192693526275e-06
1036,0.0,1.9020242234546458e-06
1037,0.0,1.9001454347744584e-06
1038,0.0,1.8982440224135644e-06
1039,0.0,1.8963409047501045e-06
1040,0.0,1.8944459725389606e-06
1041,0.0,1.8925412632597727e-06
1042,0.0,1.8906268905993784e-06
1043,0.0,1.888785277515126e-06
1044,0.0,1.8869031919166446e-06
1045,0.0,1.8850147398552508e-06
1046,0.0,1.8831584611689323e-06
1047,0.0,1.8812344251273316e-06
1048,0.0,1.8793556364471442e-06
1049,0.0,1.8774768477669568e-06
1050,0.0,1.8755833934847033e-06
1051,0.0,1.8737014215730596e-06
1052,0.0,1.871848439805035e-06
1053,0.0,1.8700245618674671e-06
1054,0.0,1.8681296296563232e-06
1055,0.0,1.8662508409761358e-06
1056,0.0,1.8643752355274046e-06
1057,0.0,1.8624931499289232e-06
1058,0.0,1.8606014009492355e-06
1059,0.0,1.8587776366985054e-06
1060,0.0,1.8569472786111874e-06
1061,0.0,1.8550942968431627e-06
1062,0.0,1.8532188050812692e-06
1063,0.0,1.851375486694451e-06
1064,0.0,1.8495258018447203e-06
1065,0.0,1.8476470131645328e-06
1066,0.0,1.8457973283148021e-06
1067,0.0,1.8439669702274841e-06
1068,0.0,1.8421139884594595e-06
1069,0.0,1.840270783759479e-06
1070,0.0,1.8384695295026177e-06
1071,0.0,1.836619844652887e-06
1072,0.0,1.8347636796534061e-06
1073,0.0,1.8329398017158383e-06
1074,0.0,1.8310950054001296e-06
1075,0.0,1.829245320550399e-06
1076,0.0,1.8274731701239944e-06
1077,0.0,1.825594381443807e-06
1078,0.0,1.8237996073366958e-06
1079,0.0,1.8219725461676717e-06
1080,0.0,1.820122861317941e-06
1081,0.0,1.8183038719143951e-06
1082,0.0,1.8165059145758278e-06
1083,0.0,1.8146820366382599e-06
1084,0.0,1.8128484953194857e-06
1085,0.0,1.8111022654920816e-06
1086,0.0,1.8092283653459162e-06
1087,0.0,1.807433591238805e-06
1088,0.0,1.805606530069781e-06
1089,0.0,1.8038166444966919e-06
1090,0.0,1.8020283505393309e-06
1091,0.0,1.8002562001129263e-06
1092,0.0,1.7984129954129457e-06
1093,0.0,1.7966651739698136e-06
1094,0.0,1.7948090089703328e-06
1095,0.0,1.7930627791429288e-06
1096,0.0,1.7912211660586763e-06
1097,0.0,1.789458679013478e-06
1098,0.0,1.7876154743134975e-06
1099,0.0,1.7858806131698657e-06
1100,0.0,1.7840955024439609e-06
1101,0.0,1.782274921424687e-06
1102,0.0,1.7805174366003484e-06
1103,0.0,1.7787000388125307e-06
1104,0.0,1.776961880750605e-06
1105,0.0,1.7752026906237006e-06
1106,0.0,1.7733610775394482e-06
1107,0.0,1.7716309912430006e-06
1108,0.0,1.7698589545034338e-06
1109,0.0,1.7680852124613011e-06
1110,0.0,1.7663195421846467e-06
1111,0.0,1.7645620573603082e-06
1112,0.0,1.7627963870836538e-06
1113,0.0,1.761019461810065e-06
1114,0.0,1.759279712132411e-06
1115,0.0,1.7574994899405283e-06
1116,0.0,1.7557597402628744e-06
1117,0.0,1.7539828149892855e-06
1118,0.0,1.7522559119242942e-06
1119,0.0,1.7504919469502056e-06
1120,0.0,1.7487699324192363e-06
1121,0.0,1.7469849353801692e-06
1122,0.0,1.7452467773182434e-06
1123,0.0,1.7434940673410892e-06
1124,0.0,1.7417462458979571e-06
1125,0.0,1.7400080878360313e-06
1126,0.0,1.7382812984578777e-06
1127,0.0,1.736507556415745e-06
1128,0.0,1.7347678067380912e-06
1129,0.0,1.7330426089756656e-06
1130,0.0,1.7313174112132401e-06
1131,0.0,1.7295938050665427e-06
1132,0.0,1.72789441421628e-06
1133,0.0,1.7261821767533547e-06
1134,0.0,1.7244617538381135e-06
1135,0.0,1.7227107491635252e-06
1136,0.0,1.7209370071213925e-06
1137,0.0,1.719211809358967e-06
1138,0.0,1.7174849062939757e-06
1139,0.0,1.715763005449844e-06
1140,0.0,1.7140797581305378e-06
1141,0.0,1.712383664198569e-06
1142,0.0,1.7106568748204154e-06
1143,0.0,1.7089316770579899e-06
1144,0.0,1.7072161426767707e-06
1145,0.0,1.7055459693438024e-06
1146,0.0,1.7038239548128331e-06
1147,0.0,1.7020971654346795e-06
1148,0.0,1.700400957815873e-06
1149,0.0,1.6987113440336543e-06
1150,0.0,1.697041170700686e-06
1151,0.0,1.6953159729382605e-06
1152,0.0,1.6936747897489113e-06
1153,0.0,1.6919544805205078e-06
1154,0.0,1.6902324659895385e-06
1155,0.0,1.6885621789697325e-06
1156,0.0,1.6868531247382634e-06
1157,0.0,1.685212055235752e-06
1158,0.0,1.6834933376230765e-06
1159,0.0,1.6818230506032705e-06
1160,0.0,1.6801560605017585e-06
1161,0.0,1.678437342889083e-06
1162,0.0,1.6768107116149622e-06
1163,0.0,1.6750904023865587e-06
1164,0.0,1.673392603152024e-06
1165,0.0,1.6717790458642412e-06
1166,0.0,1.6700861351637286e-06
1167,0.0,1.6684077763784444e-06
1168,0.0,1.6667132740622037e-06
1169,0.0,1.6650737961754203e-06
1170,0.0,1.6634068060739082e-06
1171,0.0,1.6617801747997873e-06
1172,0.0,1.660061457187112e-06
1173,0.0,1.658396058701328e-06
1174,0.0,1.6567921647947514e-06
1175,0.0,1.6551025510125328e-06
1176,0.0,1.653433855608455e-06
1177,0.0,1.6518348502359004e-06
1178,0.0,1.6501403479196597e-06
1179,0.0,1.6484926845805603e-06
1180,0.0,1.6468790136059397e-06
1181,0.0,1.6452120235044276e-06
1182,0.0,1.6435353700217092e-06
1183,0.0,1.6419523944932735e-06
1184,0.0,1.6402934761572396e-06
1185,0.0,1.638607159293315e-06
1186,0.0,1.6370096318496508e-06
1187,0.0,1.6353652654288453e-06
1188,0.0,1.6336933867933112e-06
1189,0.0,1.6321088196491473e-06
1190,0.0,1.6304516066156793e-06
1191,0.0,1.6288169035760802e-06
1192,0.0,1.6271676486212527e-06
1193,0.0,1.6255960417765891e-06
1194,0.0,1.6239549722740776e-06
1195,0.0,1.6222799104070873e-06
1196,0.0,1.6206969348786515e-06
1197,0.0,1.6190736005228246e-06
1198,0.0,1.6174777783817262e-06
1199,0.0,1.615841483726399e-06
1200,0.0,1.61421326083655e-06
1201,0.0,1.612589926480723e-06
1202,0.0,1.6110069509522873e-06
1203,0.0,1.6093852082121884e-06
1204,0.0,1.6077909776868182e-06
1205,0.0,1.6061563883340568e-06
1206,0.0,1.6045830761868274e-06
1207,0.0,1.6029613334467285e-06
1208,0.0,1.6013397043934674e-06
1209,0.0,1.5997567288650316e-06
1210,0.0,1.5981365777406609e-06
1211,0.0,1.5965407555995625e-06
1212,0.0,1.594969148754899e-06
1213,0.0,1.5933733266138006e-06
1214,0.0,1.5917773907858646e-06
1215,0.0,1.5901977121757227e-06
1216,0.0,1.5885759694356238e-06
1217,0.0,1.5869817389102536e-06
1218,0.0,1.5854117236813181e-06
1219,0.0,1.5838434137549484e-06
1220,0.0,1.58224759161385e-06
1221,0.0,1.5806532474016421e-06
1222,0.0,1.5791091527717072e-06
1223,0.0,1.577516513862065e-06
1224,0.0,1.5759271718707168e-06
1225,0.0,1.5743329413453466e-06
1226,0.0,1.5727629261164111e-06
1227,0.0,1.5711945025032037e-06
1228,0.0,1.5696002719778335e-06
1229,0.0,1.5680836895626271e-06
1230,0.0,1.5664942338844412e-06
1231,0.0,1.5649534361728001e-06
1232,0.0,1.563357500344864e-06
1233,0.0,1.5617891904184944e-06
1234,0.0,1.5602531675540376e-06
1235,0.0,1.5586589370286674e-06
1236,0.0,1.5571414451187593e-06
1237,0.0,1.5555480104012531e-06
1238,0.0,1.5540119875367964e-06
1239,0.0,1.552444359731453e-06
1240,0.0,1.5508654769291752e-06
1241,0.0,1.549356966279447e-06
1242,0.0,1.5477877468583756e-06
1243,0.0,1.546252519801783e-06
1244,0.0,1.544709220979712e-06
1245,0.0,1.543168423268071e-06
1246,0.0,1.5416444512084126e-06
1247,0.0,1.5400551092170645e-06
1248,0.0,1.5385440974569065e-06
1249,0.0,1.5369765833384008e-06
1250,0.0,1.535474439151585e-06
1251,0.0,1.5339376204792643e-06
1252,0.0,1.532374085400079e-06
1253,0.0,1.5308518186429865e-06
1254,0.0,1.5293351225409424e-06
1255,0.0,1.5277740885721869e-06
1256,0.0,1.5262622810041648e-06
1257,0.0,1.524764229543507e-06
1258,0.0,1.5231975112328655e-06
1259,0.0,1.5216784277072293e-06
1260,0.0,1.520195723969664e-06
1261,0.0,1.518653220955457e-06
1262,0.0,1.5171341374298208e-06
1263,0.0,1.5156191466303426e-06
1264,0.0,1.5141235962801147e-06
1265,0.0,1.512585072305228e-06
1266,0.0,1.5110749700397719e-06
1267,0.0,1.5095534990905435e-06
1268,0.0,1.5080408957146574e-06
1269,0.0,1.5065711522765923e-06
1270,0.0,1.5050625279400265e-06
1271,0.0,1.5035378737593419e-06
1272,0.0,1.5020543742139125e-06
1273,0.0,1.5005360864961403e-06
1274,0.0,1.499014615546912e-06
1275,0.0,1.4975254316595965e-06
1276,0.0,1.4960330645408249e-06
1277,0.0,1.4945245538910967e-06
1278,0.0,1.493031390964461e-06
1279,0.0,1.491568127676146e-06
1280,0.0,1.490049839958374e-06
1281,0.0,1.4885541759213083e-06
1282,0.0,1.487074769102037e-06
1283,0.0,1.485579218751809e-06
1284,0.0,1.4841061783954501e-06
1285,0.0,1.482597667745722e-06
1286,0.0,1.4811326991548412e-06
1287,0.0,1.4796629557167762e-06
1288,0.0,1.478157741985342e-06
1289,0.0,1.4767138054594398e-06
1290,0.0,1.4752473589396686e-06
1291,0.0,1.4737532865183312e-06
1292,0.0,1.4722681953571737e-06
1293,0.0,1.4708017488374026e-06
1294,0.0,1.4693320053993375e-06
1295,0.0,1.467841229896294e-06
1296,0.0,1.46641184528562e-06
1297,0.0,1.4649436934632831e-06
1298,0.0,1.463478042751376e-06
1299,0.0,1.4619856756326044e-06
1300,0.0,1.4605175238102674e-06
1301,0.0,1.4590898445021594e-06
1302,0.0,1.4576224884876865e-06
1303,0.0,1.4561576335836435e-06
1304,0.0,1.4546894817613065e-06
1305,0.0,1.4532747627526987e-06
1306,0.0,1.4517896715915413e-06
1307,0.0,1.4503473266813671e-06
1308,0.0,1.4489349950963515e-06
1309,0.0,1.4474668432740145e-06
1310,0.0,1.4460019883699715e-06
1311,0.0,1.4445605529544991e-06
1312,0.0,1.443121504962619e-06
1313,0.0,1.4416542626349838e-06
1314,0.0,1.4402475017050165e-06
1315,0.0,1.4387818509931094e-06
1316,0.0,1.437341211385501e-06
1317,0.0,1.4359271744979196e-06
1318,0.0,1.4344607279781485e-06
1319,0.0,1.4330531712403172e-06
1320,0.0,1.4316142369352747e-06
1321,0.0,1.4302002000476932e-06
1322,0.0,1.428759560440085e-06
1323,0.0,1.4273537090048194e-06
1324,0.0,1.4258872624850483e-06
1325,0.0,1.4244732255974668e-06
1326,0.0,1.4230350871002884e-06
1327,0.0,1.421628326170321e-06
1328,0.0,1.420201442670077e-06
1329,0.0,1.4187875194693333e-06
1330,0.0,1.4173549516272033e-06
1331,0.0,1.4159426200421876e-06
1332,0.0,1.4145043678581715e-06
1333,0.0,1.4130969248071779e-06
1334,0.0,1.4116950524112326e-06
1335,0.0,1.4102568002272164e-06
1336,0.0,1.4089026763031143e-06
1337,0.0,1.4074903447180986e-06
1338,0.0,1.4060715329833329e-06
1339,0.0,1.4046584055904532e-06
1340,0.0,1.4032525541551877e-06
1341,0.0,1.401840222570172e-06
1342,0.0,1.400440737597819e-06
1343,0.0,1.3990591014589882e-06
1344,0.0,1.3976209629618097e-06
1345,0.0,1.3962538787382073e-06
1346,0.0,1.3948431387689197e-06
1347,0.0,1.3934372873336542e-06
1348,0.0,1.3920702031100518e-06
1349,0.0,1.3906578715250362e-06
1350,0.0,1.3892648667024332e-06
1351,0.0,1.387878455716418e-06
1352,0.0,1.3864984111933154e-06
1353,0.0,1.3851507674189634e-06
1354,0.0,1.3837205870004254e-06
1355,0.0,1.38232121571491e-06
1356,0.0,1.380967091790808e-06
1357,0.0,1.3795757922707708e-06
1358,0.0,1.378189267597918e-06
1359,0.0,1.376810928377381e-06
1360,0.0,1.3754704468738055e-06
1361,0.0,1.3740581152887898e-06
1362,0.0,1.3726927363677532e-06
1363,0.0,1.3712884765482158e-06
1364,0.0,1.369940719087026e-06
1365,0.0,1.3686019428860163e-06
1366,0.0,1.367197683066479e-06
1367,0.0,1.365824232379964e-06
1368,0.0,1.3644457794725895e-06
1369,0.0,1.3631070032715797e-06
1370,0.0,1.3617528793474776e-06
1371,0.0,1.3603550996776903e-06
1372,0.0,1.3590421303888434e-06
1373,0.0,1.3576637911683065e-06
1374,0.0,1.3562724916482694e-06
1375,0.0,1.354985442958423e-06
1376,0.0,1.353600623588136e-06
1377,0.0,1.3522618473871262e-06
1378,0.0,1.3508947631635237e-06
1379,0.0,1.3495438224708778e-06
1380,0.0,1.3481775340551394e-06
1381,0.0,1.3468654742609942e-06
1382,0.0,1.3454879308483214e-06
1383,0.0,1.3441418786896975e-06
1384,0.0,1.3428031024886877e-06
1385,0.0,1.3414634167929762e-06
1386,0.0,1.340113385595032e-06
1387,0.0,1.3387738135861582e-06
1388,0.0,1.3374608442973113e-06
1389,0.0,1.3361220680963015e-06
1390,0.0,1.3347712410904933e-06
1391,0.0,1.3334340565052116e-06
1392,0.0,1.3320928928806097e-06
1393,0.0,1.3307944755069911e-06
1394,0.0,1.329444444309047e-06
1395,0.0,1.328130679212336e-06
1396,0.0,1.3267934946270543e-06
1397,0.0,1.3254676787255448e-06
1398,0.0,1.3241151464171708e-06
1399,0.0,1.3228038824308896e-06
1400,0.0,1.3214796581451083e-06
1401,0.0,1.3201554338593269e-06
1402,0.0,1.3188675893616164e-06
1403,0.0,1.3175174444768345e-06
1404,0.0,1.3162061804905534e-06
1405,0.0,1.3149078768037725e-06
1406,0.0,1.3135884273651754e-06
1407,0.0,1.312264203079394e-06
1408,0.0,1.3109505516695208e-06
1409,0.0,1.3096263273837394e-06
1410,0.0,1.3083424619253492e-06
1411,0.0,1.307031197939068e-06
1412,0.0,1.305726414102537e-06
1413,0.0,1.3044021898167557e-06
1414,0.0,1.3031296930421377e-06
1415,0.0,1.3018054687563563e-06
1416,0.0,1.3005070513827377e-06
1417,0.0,1.2991893072467064e-06
1418,0.0,1.2979168104720884e-06
1419,0.0,1.2965797395736445e-06
1420,0.0,1.2952958741152543e-06
1421,0.0,1.2940040505782235e-06
1422,0.0,1.2927185935041052e-06
1423,0.0,1.2914460967294872e-06
1424,0.0,1.290134832743206e-06
1425,0.0,1.2888446008219034e-06
1426,0.0,1.2875461834482849e-06
1427,0.0,1.286247879761504e-06
1428,0.0,1.2849964150518645e-06
1429,0.0,1.2836859468734474e-06
1430,0.0,1.2824280020140577e-06
1431,0.0,1.281123104490689e-06
1432,0.0,1.2798393527191365e-06
1433,0.0,1.2785538956450182e-06
1434,0.0,1.2773024309353787e-06
1435,0.0,1.2759935543726897e-06
1436,0.0,1.274740498047322e-06
1437,0.0,1.273469592888432e-06
1438,0.0,1.2721972098006518e-06
1439,0.0,1.2709222119156038e-06
1440,0.0,1.269623908228823e-06
1441,0.0,1.2683854038186837e-06
1442,0.0,1.26712666315143e-06
1443,0.0,1.2658250625463552e-06
1444,0.0,1.2645783726839e-06
1445,0.0,1.263314857169462e-06
1446,0.0,1.2620309917110717e-06
1447,0.0,1.2607932831087965e-06
1448,0.0,1.2595337466336787e-06
1449,0.0,1.2582580666276044e-06
1450,0.0,1.2570009175760788e-06
1451,0.0,1.2557494528664392e-06
1452,0.0,1.2545052641144139e-06
1453,0.0,1.2532424307210022e-06
1454,0.0,1.2519901702034986e-06
1455,0.0,1.2507193787314463e-06
1456,0.0,1.2494832617448992e-06
1457,0.0,1.248236571882444e-06
1458,0.0,1.2469616876842338e-06
1459,0.0,1.2457361435735947e-06
1460,0.0,1.2444935464372975e-06
1461,0.0,1.24325345041143e-06
1462,0.0,1.2420043731253827e-06
1463,0.0,1.2407488156895852e-06
1464,0.0,1.2394973509799456e-06
1465,0.0,1.2382741942928988e-06
1466,0.0,1.237015453625645e-06
1467,0.0,1.2357785408312338e-06
1468,0.0,1.234555384144187e-06
1469,0.0,1.2333111953921616e-06
1470,0.0,1.2321130498094135e-06
1471,0.0,1.2308640862102038e-06
1472,0.0,1.2296392242205911e-06
1473,0.0,1.2283959449632675e-06
1474,0.0,1.2271985951883835e-06
1475,0.0,1.2259608865861082e-06
1476,0.0,1.2247377298990614e-06
1477,0.0,1.2235016129125142e-06
1478,0.0,1.2222711802678532e-06
1479,0.0,1.221072238877241e-06
1480,0.0,1.219836121890694e-06
1481,0.0,1.218612965203647e-06
1482,0.0,1.2174027688161004e-06
1483,0.0,1.2161779068264877e-06
1484,0.0,1.214961230289191e-06
1485,0.0,1.2137502380937804e-06
1486,0.0,1.2125270814067335e-06
1487,0.0,1.2113297316318494e-06
1488,0.0,1.2101195352443028e-06
1489,0.0,1.208897970172984e-06
1490,0.0,1.2076860684828716e-06
1491,0.0,1.2064888323948253e-06
1492,0.0,1.205278522320441e-06
1493,0.0,1.2040812862323946e-06
1494,0.0,1.202866201310826e-06
1495,0.0,1.2016558912364417e-06
1496,0.0,1.2004586551483953e-06
1497,0.0,1.1992742656730115e-06
1498,0.0,1.1980527006016928e-06
1499,0.0,1.1968942317253095e-06
1500,0.0,1.1956718708461267e-06
1501,0.0,1.194450305774808e-06
1502,0.0,1.1932918368984247e-06
1503,0.0,1.1920686802113778e-06
1504,0.0,1.190885882351722e-06
1505,0.0,1.189695126413426e-06
1506,0.0,1.1885123285537702e-06
1507,0.0,1.1873416951857507e-06
1508,0.0,1.1861590110129328e-06
1509,0.0,1.184976213153277e-06
1510,0.0,1.183778863378393e-06
1511,0.0,1.182596179205575e-06
1512,0.0,1.1814125855380553e-06
1513,0.0,1.1802039807662368e-06
1514,0.0,1.1790471035055816e-06
1515,0.0,1.1778652151406277e-06
1516,0.0,1.176687305814994e-06
1517,0.0,1.1755174682548386e-06
1518,0.0,1.1743330787794548e-06
1519,0.0,1.1731787026292295e-06
1520,0.0,1.1719959047695738e-06
1521,0.0,1.1708187912518042e-06
1522,0.0,1.1696489536916488e-06
1523,0.0,1.1684920764309936e-06
1524,0.0,1.1672842674670392e-06
1525,0.0,1.166127390206384e-06
1526,0.0,1.1649907492028433e-06
1527,0.0,1.1638080650300253e-06
1528,0.0,1.1626252671703696e-06
1529,0.0,1.1614562254180782e-06
1530,0.0,1.1603187886066735e-06
1531,0.0,1.159188627752883e-06
1532,0.0,1.1579816145967925e-06
1533,0.0,1.1568239415282733e-06
1534,0.0,1.1556880963325966e-06
1535,0.0,1.154506094280805e-06
1536,0.0,1.1533888937265147e-06
1537,0.0,1.1522400882313377e-06
1538,0.0,1.151095261775481e-06
1539,0.0,1.1498883623062284e-06
1540,0.0,1.1487645679153502e-06
1541,0.0,1.1476222425699234e-06
1542,0.0,1.1464856015663827e-06
1543,0.0,1.1453181514298194e-06
1544,0.0,1.1441742344686645e-06
1545,0.0,1.1430375934651238e-06
1546,0.0,1.1419090242270613e-06
1547,0.0,1.140745666816656e-06
1548,0.0,1.139591176979593e-06
1549,0.0,1.1384739764253027e-06
1550,0.0,1.1373259667379898e-06
1551,0.0,1.1361950100763352e-06
1552,0.0,1.135072807301185e-06
1553,0.0,1.1339184311509598e-06
1554,0.0,1.1327688298479188e-06
1555,0.0,1.1316523114146548e-06
1556,0.0,1.1305172620268422e-06
1557,0.0,1.1293757324892795e-06
1558,0.0,1.1282795639999676e-06
1559,0.0,1.1271509947619052e-06
1560,0.0,1.126026404563163e-06
1561,0.0,1.1248978353251005e-06
1562,0.0,1.1237368653382873e-06
1563,0.0,1.1226082961002248e-06
1564,0.0,1.1214846153961844e-06
1565,0.0,1.1203834446860128e-06
1566,0.0,1.1192613555977005e-06
1567,0.0,1.1181522268088884e-06
1568,0.0,1.1170138805027818e-06
1569,0.0,1.1159257837789482e-06
1570,0.0,1.11480198938807e-06
1571,0.0,1.113689563680964e-06
1572,0.0,1.112538370762195e-06
1573,0.0,1.1114550488855457e-06
1574,0.0,1.1103313681815052e-06
1575,0.0,1.1092189424743992e-06
1576,0.0,1.1081469892815221e-06
1577,0.0,1.1070361551901442e-06
1578,0.0,1.105910769183538e-06
1579,0.0,1.1048274473068886e-06
1580,0.0,1.1037037666028482e-06
1581,0.0,1.102594637814036e-06
1582,0.0,1.1014967640221585e-06
1583,0.0,1.1003843383150524e-06
1584,0.0,1.0992815759891528e-06
1585,0.0,1.0981716513924766e-06
1586,0.0,1.09710765627824e-06
1587,0.0,1.09600341602345e-06
1588,0.0,1.09488769339805e-06
1589,0.0,1.0938027799056727e-06
1590,0.0,1.0926879667749745e-06
1591,0.0,1.091638637262804e-06
1592,0.0,1.0905197314059478e-06
1593,0.0,1.0894380011450266e-06
1594,0.0,1.088345015887171e-06
1595,0.0,1.0872512348214514e-06
1596,0.0,1.0862019053092808e-06
1597,0.0,1.0850845910681528e-06
1598,0.0,1.084016616914596e-06
1599,0.0,1.0829010079760337e-06
1600,0.0,1.0818419013958191e-06
1601,0.0,1.080765855476784e-06
1602,0.0,1.0796583183037e-06
1603,0.0,1.0786105804072577e-06
1604,0.0,1.077511910807516e-06
1605,0.0,1.0764238140836824e-06
1606,0.0,1.0753550441222615e-06
1607,0.0,1.0742935501184547e-06
1608,0.0,1.0732118198575336e-06
1609,0.0,1.072156806003477e-06
1610,0.0,1.0710687092796434e-06
1611,0.0,1.06998459159513e-06
1612,0.0,1.068941628545872e-06
1613,0.0,1.0678543276299024e-06
1614,0.0,1.0667985179679818e-06
1615,0.0,1.0657191751306527e-06
1616,0.0,1.0646423334037536e-06
1617,0.0,1.0636002798491972e-06
1618,0.0,1.0625332151903422e-06
1619,0.0,1.0614910479489481e-06
1620,0.0,1.0603980626910925e-06
1621,0.0,1.0593236083877855e-06
1622,0.0,1.058279167409637e-06
1623,0.0,1.0572127848718083e-06
1624,0.0,1.0561868748482084e-06
1625,0.0,1.055106849889853e-06
1626,0.0,1.0540776429479592e-06
1627,0.0,1.053008986673376e-06
1628,0.0,1.0519490842852974e-06
1629,0.0,1.0508681498322403e-06
1630,0.0,1.0498430356165045e-06
1631,0.0,1.0487751751497854e-06
1632,0.0,1.0477475598236197e-06
1633,0.0,1.046691750161699e-06
1634,0.0,1.0456384416102082e-06
1635,0.0,1.0446125315866084e-06
1636,0.0,1.0435461490487796e-06
1637,0.0,1.0425161462990218e-06
1638,0.0,1.0414854614282376e-06
1639,0.0,1.0404320391899091e-06
1640,0.0,1.0393786169515806e-06
1641,0.0,1.0383542985437089e-06
1642,0.0,1.0372984888817882e-06
1643,0.0,1.0362871307734167e-06
1644,0.0,1.0352466688345885e-06
1645,0.0,1.0342240557292826e-06
1646,0.0,1.0331738167224103e-06
1647,0.0,1.0321350600861479e-06
1648,0.0,1.031108354254684e-06
1649,0.0,1.0300678923158557e-06
1650,0.0,1.029050054057734e-06
1651,0.0,1.0280208471158403e-06
1652,0.0,1.026985273711034e-06
1653,0.0,1.0259642522214563e-06
1654,0.0,1.0249253818983561e-06
1655,0.0,1.0239010634904844e-06
1656,0.0,1.022894593916135e-06
1657,0.0,1.0218832358077634e-06
1658,0.0,1.0208443654846633e-06
1659,0.0,1.0198249356108136e-06
1660,0.0,1.0188006172029418e-06
1661,0.0,1.0177827789448202e-06
1662,0.0,1.0167568689212203e-06
1663,0.0,1.0157503993468708e-06
1664,0.0,1.0147406328542274e-06
1665,0.0,1.0137196113646496e-06
1666,0.0,1.0126823326572776e-06
1667,0.0,1.0116920066138846e-06
1668,0.0,1.0106936088050134e-06
1669,0.0,1.00969032246212e-06
1670,0.0,1.0086611155202263e-06
1671,0.0,1.0076457783725346e-06
1672,0.0,1.006666707326076e-06
1673,0.0,1.0056311339212698e-06
1674,0.0,1.0046392162621487e-06
1675,0.0,1.0036359299192554e-06
1676,0.0,1.0026116115113837e-06
1677,0.0,1.001634245767491e-06
1678,0.0,1.0006172033172334e-06
1679,0.0,9.996171002057963e-07
1680,0.0,9.98612222247175e-07
1681,0.0,9.97621896203782e-07
1682,0.0,9.966178140530246e-07
1683,0.0,9.956339681593818e-07
1684,0.0,9.946177215169882e-07
1685,0.0,9.936419473888236e-07
1686,0.0,9.926394568537944e-07
1687,0.0,9.916620911099017e-07
1688,0.0,9.9064425285178e-07
1689,0.0,9.896741630655015e-07
1690,0.0,9.886838370221085e-07
1691,0.0,9.876789590634871e-07
1692,0.0,9.867039807431865e-07
1693,0.0,9.857006944002933e-07
1694,0.0,9.847249202721287e-07
1695,0.0,9.837482366492623e-07
1696,0.0,9.827579106058693e-07
1697,0.0,9.817813406698406e-07
1698,0.0,9.80805566541676e-07
1699,0.0,9.79816832114011e-07
1700,0.0,9.78827301878482e-07
1701,0.0,9.778628964340896e-07
1702,0.0,9.768765494300169e-07
1703,0.0,9.75886223386624e-07
1704,0.0,9.749225000632578e-07
1705,0.0,9.739742381498218e-07
1706,0.0,9.729782277645427e-07
1707,0.0,9.7200086202065e-07
1708,0.0,9.710420272313058e-07
1709,0.0,9.700776217869134e-07
1710,0.0,9.690783144833404e-07
1711,0.0,9.68113909038948e-07
1712,0.0,9.6715825748106e-07
1713,0.0,9.661954436523956e-07
1714,0.0,9.652318340158672e-07
1715,0.0,9.642600389270228e-07
1716,0.0,9.6327619303338e-07
1717,0.0,9.623157666283078e-07
1718,0.0,9.613528391128057e-07
1719,0.0,9.603988928574836e-07
1720,0.0,9.594530183676397e-07
1721,0.0,9.584886129232473e-07
1722,0.0,9.575346666679252e-07
1723,0.0,9.565854952597874e-07
1724,0.0,9.556258646625793e-07
1725,0.0,9.546864703224855e-07
1726,0.0,9.537099003864569e-07
1727,0.0,9.527705060463632e-07
1728,0.0,9.517963235339266e-07
1729,0.0,9.508391372037295e-07
1730,0.0,9.498932627138856e-07
1731,0.0,9.489393164585636e-07
1732,0.0,9.479764457864803e-07
1733,0.0,9.470370514463866e-07
1734,0.0,9.461170407121244e-07
1735,0.0,9.451759979128838e-07
1736,0.0,9.442139798920834e-07
1737,0.0,9.432737329007068e-07
1738,0.0,9.423343385606131e-07
1739,0.0,9.413884640707693e-07
1740,0.0,9.404474212715286e-07
1741,0.0,9.395015467816847e-07
1742,0.0,9.38562152441591e-07
1743,0.0,9.376187222187582e-07
1744,0.0,9.366728477289143e-07
1745,0.0,9.357576686852553e-07
1746,0.0,9.3483282626039e-07
1747,0.0,9.338934319202963e-07
1748,0.0,9.329459089713055e-07
1749,0.0,9.320081630903587e-07
1750,0.0,9.31067120291118e-07
1751,0.0,9.301664931626874e-07
1752,0.0,9.292222671319905e-07
1753,0.0,9.282828727918968e-07
1754,0.0,9.273547334487375e-07
1755,0.0,9.264428513233725e-07
1756,0.0,9.255163604393601e-07
1757,0.0,9.245898695553478e-07
1758,0.0,9.23643995065504e-07
1759,0.0,9.22735353015014e-07
1760,0.0,9.218088621310017e-07
1761,0.0,9.20867819331761e-07
1762,0.0,9.199559372063959e-07
1763,0.0,9.190553100779653e-07
1764,0.0,9.181175073535996e-07
1765,0.0,9.171943133878813e-07
1766,0.0,9.162944820673147e-07
1767,0.0,9.153809514828026e-07
1768,0.0,9.144690125140187e-07
1769,0.0,9.135441700891533e-07
1770,0.0,9.126209192800161e-07
1771,0.0,9.117349009102327e-07
1772,0.0,9.10795506570139e-07
1773,0.0,9.099118756239477e-07
1774,0.0,9.089853847399354e-07
1775,0.0,9.080670224648202e-07
1776,0.0,9.071712270269927e-07
1777,0.0,9.062576964424807e-07
1778,0.0,9.05359513581061e-07
1779,0.0,9.04450871530571e-07
1780,0.0,9.035632047016406e-07
1781,0.0,9.026351222019002e-07
1782,0.0,9.01749842796562e-07
1783,0.0,9.008234087559686e-07
1784,0.0,8.999405736176413e-07
1785,0.0,8.990359106064716e-07
1786,0.0,8.981385803963349e-07
1787,0.0,8.972266414275509e-07
1788,0.0,8.963438062892237e-07
1789,0.0,8.954392001214728e-07
1790,0.0,8.945418130679172e-07
1791,0.0,8.936686981542152e-07
1792,0.0,8.927672752179205e-07
1793,0.0,8.918715366235119e-07
1794,0.0,8.909652819966141e-07
1795,0.0,8.900824468582869e-07
1796,0.0,8.892093319445848e-07
1797,0.0,8.883079090082902e-07
1798,0.0,8.874121704138815e-07
1799,0.0,8.865463314577937e-07
1800,0.0,8.856263207235315e-07
1801,0.0,8.847621302265907e-07
1802,0.0,8.838890153128887e-07
1803,0.0,8.82987592376594e-07
1804,0.0,8.820918537821854e-07
1805,0.0,8.812284022496897e-07
1806,0.0,8.803561399872706e-07
1807,0.0,8.79456308666704e-07
1808,0.0,8.78586433827877e-07
1809,0.0,8.777238349466643e-07
1810,0.0,8.768409998083371e-07
1811,0.0,8.759363936405862e-07
1812,0.0,8.750745905672375e-07
1813,0.0,8.742055115362746e-07
1814,0.0,8.733421168471978e-07
1815,0.0,8.724535973669845e-07
1816,0.0,8.715732064956683e-07
1817,0.0,8.707098118065915e-07
1818,0.0,8.698439728505036e-07
1819,0.0,8.689756896274048e-07
1820,0.0,8.68113090746192e-07
1821,0.0,8.672504918649793e-07
1822,0.0,8.663612334203208e-07
1823,0.0,8.65493746005086e-07
1824,0.0,8.646311471238732e-07
1825,0.0,8.637547921352962e-07
1826,0.0,8.628938417132304e-07
1827,0.0,8.620457379038271e-07
1828,0.0,8.611839916738973e-07
1829,0.0,8.603149126429344e-07
1830,0.0,8.594523137617216e-07
1831,0.0,8.586042099523183e-07
1832,0.0,8.577440553381166e-07
1833,0.0,8.568975999878603e-07
1834,0.0,8.560350011066475e-07
1835,0.0,8.551724022254348e-07
1836,0.0,8.543364629076677e-07
1837,0.0,8.534755124856019e-07
1838,0.0,8.526274655196175e-07
1839,0.0,8.51768049869861e-07
1840,0.0,8.509200029038766e-07
1841,0.0,8.500581998305279e-07
1842,0.0,8.492101528645435e-07
1843,0.0,8.483475539833307e-07
1844,0.0,8.475027470922214e-07
1845,0.0,8.466676035823184e-07
1846,0.0,8.458066531602526e-07
1847,0.0,8.449569577351213e-07
1848,0.0,8.44112946651876e-07
1849,0.0,8.432633080701635e-07
1850,0.0,8.424281645602605e-07
1851,0.0,8.415962611252326e-07
1852,0.0,8.407546943089983e-07
1853,0.0,8.39908238958742e-07
1854,0.0,8.390618404519046e-07
1855,0.0,8.382259011341375e-07
1856,0.0,8.373826858587563e-07
1857,0.0,8.365467465409893e-07
1858,0.0,8.357318392882007e-07
1859,0.0,8.348732762897271e-07
1860,0.0,8.34039781238971e-07
1861,0.0,8.332070819960791e-07
1862,0.0,8.323905831275624e-07
1863,0.0,8.315473678521812e-07
1864,0.0,8.307114285344142e-07
1865,0.0,8.29873897600919e-07
1866,0.0,8.290517143905163e-07
1867,0.0,8.282206636067713e-07
1868,0.0,8.273920002466184e-07
1869,0.0,8.265738529189548e-07
1870,0.0,8.257428021352098e-07
1871,0.0,8.249141387750569e-07
1872,0.0,8.240967872552574e-07
1873,0.0,8.232681238951045e-07
1874,0.0,8.224499765674409e-07
1875,0.0,8.216375135816634e-07
1876,0.0,8.208032227230433e-07
1877,0.0,8.199729677471623e-07
1878,0.0,8.191734082174662e-07
1879,0.0,8.183399131667102e-07
1880,0.0,8.175290417966607e-07
1881,0.0,8.166963425537688e-07
1882,0.0,8.158822311088443e-07
1883,0.0,8.15077839888545e-07
1884,0.0,8.142516207954031e-07
1885,0.0,8.134286417771364e-07
1886,0.0,8.126339139380434e-07
1887,0.0,8.118214509522659e-07
1888,0.0,8.110033036246023e-07
1889,0.0,8.101803246063355e-07
1890,0.0,8.093953169918677e-07
1891,0.0,8.085601734819647e-07
1892,0.0,8.077752227109158e-07
1893,0.0,8.069384875852847e-07
1894,0.0,8.061469998210669e-07
1895,0.0,8.053345368352893e-07
1896,0.0,8.045503250286856e-07
1897,0.0,8.037200700528047e-07
1898,0.0,8.029350624383369e-07
1899,0.0,8.021241910682875e-07
1900,0.0,8.013343517632165e-07
1901,0.0,8.005299605429173e-07
1902,0.0,7.997198849807319e-07
1903,0.0,7.98934934209683e-07
1904,0.0,7.981118983479973e-07
1905,0.0,7.973269475769484e-07
1906,0.0,7.965225563566491e-07
1907,0.0,7.957237926348171e-07
1908,0.0,7.949387850203493e-07
1909,0.0,7.941554258650285e-07
1910,0.0,7.933477945698542e-07
1911,0.0,7.92550679307169e-07
1912,0.0,7.917656716927013e-07
1913,0.0,7.909741839284834e-07
1914,0.0,7.901770686657983e-07
1915,0.0,7.893921178947494e-07
1916,0.0,7.885957984399283e-07
1917,0.0,7.877978305259603e-07
1918,0.0,7.870136755627755e-07
1919,0.0,7.862189477236825e-07
1920,0.0,7.854476962165791e-07
1921,0.0,7.846635412533942e-07
1922,0.0,7.838793294467905e-07
1923,0.0,7.830951744836057e-07
1924,0.0,7.82314202751877e-07
1925,0.0,7.815299909452733e-07
1926,0.0,7.807450401742244e-07
1927,0.0,7.799552008691535e-07
1928,0.0,7.791992970851425e-07
1929,0.0,7.784150852785388e-07
1930,0.0,7.776313282192859e-07
1931,0.0,7.768520049467043e-07
1932,0.0,7.760681910440326e-07
1933,0.0,7.752965416329971e-07
1934,0.0,7.745289281047008e-07
1935,0.0,7.737641567473474e-07
1936,0.0,7.729803428446758e-07
1937,0.0,7.722119335085154e-07
1938,0.0,7.714431262684229e-07
1939,0.0,7.706456131018058e-07
1940,0.0,7.698844228798407e-07
1941,0.0,7.691131713727373e-07
1942,0.0,7.683455578444409e-07
1943,0.0,7.675897109038488e-07
1944,0.0,7.668277248740196e-07
1945,0.0,7.660443657186988e-07
1946,0.0,7.652767521904025e-07
1947,0.0,7.645135724487773e-07
1948,0.0,7.637589192199812e-07
1949,0.0,7.629884635207418e-07
1950,0.0,7.622264774909127e-07
1951,0.0,7.614576702508202e-07
1952,0.0,7.607159204781055e-07
1953,0.0,7.599519449286163e-07
1954,0.0,7.591722237521026e-07
1955,0.0,7.584243917335698e-07
1956,0.0,7.576668963338307e-07
1957,0.0,7.569138347207627e-07
1958,0.0,7.561368988717732e-07
1959,0.0,7.553956038464094e-07
1960,0.0,7.546352662757272e-07
1961,0.0,7.538777140325692e-07
1962,0.0,7.531428423135367e-07
1963,0.0,7.523902354478196e-07
1964,0.0,7.516262598983303e-07
1965,0.0,7.508731982852623e-07
1966,0.0,7.501124059672293e-07
1967,0.0,7.493678708669904e-07
1968,0.0,7.486216873076046e-07
1969,0.0,7.478673751393217e-07
1970,0.0,7.471341518794361e-07
1971,0.0,7.463697784260148e-07
1972,0.0,7.456429784724605e-07
1973,0.0,7.448822429978463e-07
1974,0.0,7.441424827447918e-07
1975,0.0,7.434076110257593e-07
1976,0.0,7.426581873914984e-07
1977,0.0,7.419047278744983e-07
1978,0.0,7.411715046146128e-07
1979,0.0,7.4042367259608e-07
1980,0.0,7.396968726425257e-07
1981,0.0,7.389361371679115e-07
1982,0.0,7.38202913908026e-07
1983,0.0,7.374688379968575e-07
1984,0.0,7.367387979684281e-07
1985,0.0,7.359914206972462e-07
1986,0.0,7.352581405939418e-07
1987,0.0,7.345386734414205e-07
1988,0.0,7.337843612731376e-07
1989,0.0,7.330511380132521e-07
1990,0.0,7.323178579099476e-07
1991,0.0,7.315971402022114e-07
1992,0.0,7.308760245905432e-07
1993,0.0,7.301176765395212e-07
1994,0.0,7.293900807781029e-07
1995,0.0,7.286823233698669e-07
1996,0.0,7.279369356183452e-07
1997,0.0,7.27215820006677e-07
1998,0.0,7.264825399033725e-07
1999,0.0,7.25749714547419e-07
2000,0.0,7.250326348184899e-07
2001,0.0,7.243127129186178e-07
2002,0.0,7.23604500763031e-07
2003,0.0,7.228583172036451e-07
2004,0.0,7.221327109618869e-07
2005,0.0,7.21424555649719e-07
2006,0.0,7.206925261016295e-07
2007,0.0,7.199616902653361e-07
2008,0.0,7.192555244728283e-07
2009,0.0,7.185222443695238e-07
2010,0.0,7.17815282769152e-07
2011,0.0,7.17102238922962e-07
2012,0.0,7.163815212152258e-07
2013,0.0,7.156652372941608e-07
2014,0.0,7.149461112021527e-07
2015,0.0,7.142378990465659e-07
2016,0.0,7.135188297979767e-07
2017,0.0,7.12815847236925e-07
2018,0.0,7.120947316252568e-07
2019,0.0,7.113756623766676e-07
2020,0.0,7.106593784556026e-07
2021,0.0,7.09958840161562e-07
2022,0.0,7.092518785611901e-07
2023,0.0,7.085359925440571e-07
2024,0.0,7.078294288476172e-07
2025,0.0,7.071103027556092e-07
2026,0.0,7.064194846861938e-07
2027,0.0,7.057197990434361e-07
2028,0.0,7.050123826957133e-07
2029,0.0,7.043094569780806e-07
2030,0.0,7.035903877294913e-07
2031,0.0,7.028938853181899e-07
2032,0.0,7.02187719525682e-07
2033,0.0,7.014843959041173e-07
2034,0.0,7.007911335676908e-07
2035,0.0,7.000946879998082e-07
2036,0.0,6.993885222073004e-07
2037,0.0,6.986822995713737e-07
2038,0.0,6.979858540034911e-07
2039,0.0,6.972925916670647e-07
2040,0.0,6.966026262489322e-07
2041,0.0,6.958932203815493e-07
2042,0.0,6.951870545890415e-07
2043,0.0,6.945035124772403e-07
2044,0.0,6.938232104403141e-07
2045,0.0,6.931202847226814e-07
2046,0.0,6.924205422365048e-07
2047,0.0,6.917192081346002e-07
2048,0.0,6.910486263222992e-07
2049,0.0,6.903424605297914e-07
2050,0.0,6.896589184179902e-07
2051,0.0,6.889790142849961e-07
2052,0.0,6.882898446747276e-07
2053,0.0,6.875941949147091e-07
2054,0.0,6.869009325782827e-07
2055,0.0,6.862044870104e-07
2056,0.0,6.85528220856213e-07
2057,0.0,6.848426323813328e-07
2058,0.0,6.841590902695316e-07
2059,0.0,6.834569603597629e-07
2060,0.0,6.828001346548263e-07
2061,0.0,6.821081228736148e-07
2062,0.0,6.814245807618136e-07
2063,0.0,6.807353543081263e-07
2064,0.0,6.800659662076214e-07
2065,0.0,6.793791840209451e-07
2066,0.0,6.786908102185407e-07
2067,0.0,6.780335866096721e-07
2068,0.0,6.773378800062346e-07
2069,0.0,6.766745741515479e-07
2070,0.0,6.760019459761679e-07
2071,0.0,6.75332159971731e-07
2072,0.0,6.746433882653946e-07
2073,0.0,6.739736022609577e-07
2074,0.0,6.732912538609526e-07
2075,0.0,6.726157835146296e-07
2076,0.0,6.719455996062607e-07
2077,0.0,6.71286329634313e-07
2078,0.0,6.706161457259441e-07
2079,0.0,6.699277150801208e-07
2080,0.0,6.692462193313986e-07
2081,0.0,6.68589393626462e-07
2082,0.0,6.679329089820385e-07
2083,0.0,6.672631229776016e-07
2084,0.0,6.665880505352106e-07
2085,0.0,6.659251425844559e-07
2086,0.0,6.652618367297691e-07
2087,0.0,6.645997245868784e-07
2088,0.0,6.639246521444875e-07
2089,0.0,6.632678264395508e-07
2090,0.0,6.62598438339046e-07
2091,0.0,6.619363261961553e-07
2092,0.0,6.612673359995824e-07
2093,0.0,6.606173315049091e-07
2094,0.0,6.59942315905937e-07
2095,0.0,6.593125476683781e-07
2096,0.0,6.586374752259871e-07
2097,0.0,6.579782052540395e-07
2098,0.0,6.573346809091163e-07
2099,0.0,6.566596084667253e-07
2100,0.0,6.560039764735848e-07
2101,0.0,6.553483444804442e-07
2102,0.0,6.546991357936349e-07
2103,0.0,6.540431058965623e-07
2104,0.0,6.533874739034218e-07
2105,0.0,6.527350819851563e-07
2106,0.0,6.520850774904829e-07
2107,0.0,6.514294454973424e-07
2108,0.0,6.50773756660783e-07
2109,0.0,6.501310849671427e-07
2110,0.0,6.49472212899127e-07
2111,0.0,6.488294843620679e-07
2112,0.0,6.481746481767914e-07
2113,0.0,6.475319196397322e-07
2114,0.0,6.468730475717166e-07
2115,0.0,6.462367991844076e-07
2116,0.0,6.455941274907673e-07
2117,0.0,6.449360512306157e-07
2118,0.0,6.443070788009209e-07
2119,0.0,6.4363848650828e-07
2120,0.0,6.430091161746532e-07
2121,0.0,6.42370480363752e-07
2122,0.0,6.417277518266928e-07
2123,0.0,6.410882633645087e-07
2124,0.0,6.404463874787325e-07
2125,0.0,6.39791551293456e-07
2126,0.0,6.391589408849541e-07
2127,0.0,6.385234883055091e-07
2128,0.0,6.378807597684499e-07
2129,0.0,6.372356438077986e-07
2130,0.0,6.366135494317859e-07
2131,0.0,6.359870212691021e-07
2132,0.0,6.353321850838256e-07
2133,0.0,6.346991767713916e-07
2134,0.0,6.34077878203243e-07
2135,0.0,6.334383897410589e-07
2136,0.0,6.327965138552827e-07
2137,0.0,6.321679393295199e-07
2138,0.0,6.315293035186187e-07
2139,0.0,6.309007289928559e-07
2140,0.0,6.302814767877862e-07
2141,0.0,6.296427841334662e-07
2142,0.0,6.290069336500892e-07
2143,0.0,6.283884772528836e-07
2144,0.0,6.277599027271208e-07
2145,0.0,6.271212669162196e-07
2146,0.0,6.264926923904568e-07
2147,0.0,6.258742359932512e-07
2148,0.0,6.252448656596243e-07
2149,0.0,6.246264092624187e-07
2150,0.0,6.240075549612811e-07
2151,0.0,6.233656790755049e-07
2152,0.0,6.227532480806985e-07
2153,0.0,6.221218882274115e-07
2154,0.0,6.214997938513989e-07
2155,0.0,6.208804848029104e-07
2156,0.0,6.202616305017727e-07
2157,0.0,6.196339086272928e-07
2158,0.0,6.190210797285545e-07
2159,0.0,6.184030212352809e-07
2160,0.0,6.177882028168824e-07
2161,0.0,6.17181115103449e-07
2162,0.0,6.165565764604253e-07
2163,0.0,6.159417580420268e-07
2164,0.0,6.15316025687207e-07
2165,0.0,6.147044473436836e-07
2166,0.0,6.140928690001601e-07
2167,0.0,6.134707746241475e-07
2168,0.0,6.128523182269419e-07
2169,0.0,6.122471631897497e-07
2170,0.0,6.11621828738862e-07
2171,0.0,6.110361141509202e-07
2172,0.0,6.104277758822718e-07
2173,0.0,6.09803294082667e-07
2174,0.0,6.091912609917927e-07
2175,0.0,6.085853669901553e-07
2176,0.0,6.079608283471316e-07
2177,0.0,6.0738159390894e-07
2178,0.0,6.067700155654165e-07
2179,0.0,6.06149512805132e-07
2180,0.0,6.055371386537445e-07
2181,0.0,6.049320404599712e-07
2182,0.0,6.043398457222793e-07
2183,0.0,6.037346906850871e-07
2184,0.0,6.031166890352324e-07
2185,0.0,6.025382504049048e-07
2186,0.0,6.019266152179625e-07
2187,0.0,6.013150368744391e-07
2188,0.0,6.007164188304159e-07
2189,0.0,6.00118539750838e-07
2190,0.0,5.995134415570647e-07
2191,0.0,5.989212468193728e-07
2192,0.0,5.983226287753496e-07
2193,0.0,5.977312298455217e-07
2194,0.0,5.971390351078298e-07
2195,0.0,5.965210334579751e-07
2196,0.0,5.959296345281473e-07
2197,0.0,5.953378376943874e-07
2198,0.0,5.947464956079784e-07
2199,0.0,5.94134917264455e-07
2200,0.0,5.935556259828445e-07
2201,0.0,5.929513235969353e-07
2202,0.0,5.923724870626756e-07
2203,0.0,5.917689804846304e-07
2204,0.0,5.911832658966887e-07
2205,0.0,5.905789635107794e-07
2206,0.0,5.900033670513949e-07
2207,0.0,5.89411968121567e-07
2208,0.0,5.88819830227294e-07
2209,0.0,5.882357072550803e-07
2210,0.0,5.876439104213205e-07
2211,0.0,5.870525683349115e-07
2212,0.0,5.864733338967199e-07
2213,0.0,5.858734652974817e-07
2214,0.0,5.853015068169043e-07
2215,0.0,5.847093120792124e-07
2216,0.0,5.841183110533166e-07
2217,0.0,5.83539872422989e-07
2218,0.0,5.829586484651372e-07
2219,0.0,5.823802098348096e-07
2220,0.0,5.817763053528324e-07
2221,0.0,5.812107701785862e-07
2222,0.0,5.806355716231337e-07
2223,0.0,5.80051903398271e-07
2224,0.0,5.794661888103292e-07
2225,0.0,5.788921839666727e-07
2226,0.0,5.78307265186595e-07
2227,0.0,5.777292244601995e-07
2228,0.0,5.77157663883554e-07
2229,0.0,5.765695050286013e-07
2230,0.0,5.759923169534886e-07
2231,0.0,5.754203016294923e-07
2232,0.0,5.748463536292547e-07
2233,0.0,5.742743383052584e-07
2234,0.0,5.736995376537379e-07
2235,0.0,5.731279770770925e-07
2236,0.0,5.725568144043791e-07
2237,0.0,5.719820137528586e-07
2238,0.0,5.714112489840772e-07
2239,0.0,5.708392905034998e-07
2240,0.0,5.702717658095935e-07
2241,0.0,5.696937250831979e-07
2242,0.0,5.691258024853596e-07
2243,0.0,5.685550377165782e-07
2244,0.0,5.67993197364558e-07
2245,0.0,5.674224325957766e-07
2246,0.0,5.668609901476884e-07
2247,0.0,5.662958528773743e-07
2248,0.0,5.657154247273866e-07
2249,0.0,5.651446599586052e-07
2250,0.0,5.645892429129162e-07
2251,0.0,5.640180802402028e-07
2252,0.0,5.634570356960467e-07
2253,0.0,5.629048587252328e-07
2254,0.0,5.623373340313265e-07
2255,0.0,5.617803253699094e-07
2256,0.0,5.612128006760031e-07
2257,0.0,5.606477202491078e-07
2258,0.0,5.600866757049516e-07
2259,0.0,5.595352945420018e-07
2260,0.0,5.589746479017776e-07
2261,0.0,5.584111590906105e-07
2262,0.0,5.578501145464543e-07
2263,0.0,5.573003818426514e-07
2264,0.0,5.567441689890984e-07
2265,0.0,5.561822717936593e-07
2266,0.0,5.556212272495031e-07
2267,0.0,5.550714945457003e-07
2268,0.0,5.545152816921473e-07
2269,0.0,5.539525886888441e-07
2270,0.0,5.534109845939383e-07
2271,0.0,5.528494853024313e-07
2272,0.0,5.522884407582751e-07
2273,0.0,5.517451882042224e-07
2274,0.0,5.511832910087833e-07
2275,0.0,5.506416300704586e-07
2276,0.0,5.500926931745198e-07
2277,0.0,5.495446089298639e-07
2278,0.0,5.489981163009361e-07
2279,0.0,5.484446887749073e-07
2280,0.0,5.478981961459795e-07
2281,0.0,5.473411874845624e-07
2282,0.0,5.467946948556346e-07
2283,0.0,5.462603098749241e-07
2284,0.0,5.457142151499284e-07
2285,0.0,5.451572064885113e-07
2286,0.0,5.446155455501867e-07
2287,0.0,5.440633685793728e-07
2288,0.0,5.435318257696053e-07
2289,0.0,5.429788529909274e-07
2290,0.0,5.424396363196138e-07
2291,0.0,5.418979753812891e-07
2292,0.0,5.413542680798855e-07
2293,0.0,5.408174956755829e-07
2294,0.0,5.40266967163916e-07
2295,0.0,5.397394602368877e-07
2296,0.0,5.392018351813022e-07
2297,0.0,5.386464181356132e-07
2298,0.0,5.3812215128346e-07
2299,0.0,5.375869704948855e-07
2300,0.0,5.370303597374004e-07
2301,0.0,5.365097308640543e-07
2302,0.0,5.359692636375257e-07
2303,0.0,5.354227710085979e-07
2304,0.0,5.348956619855016e-07
2305,0.0,5.343616749087232e-07
2306,0.0,5.338241066965566e-07
2307,0.0,5.332893238119141e-07
2308,0.0,5.327557346390677e-07
2309,0.0,5.322314677869144e-07
2310,0.0,5.31697082806204e-07
2311,0.0,5.311574682309583e-07
2312,0.0,5.306295065565791e-07
2313,0.0,5.300923362483445e-07
2314,0.0,5.295713094710663e-07
2315,0.0,5.290369244903559e-07
2316,0.0,5.28523116827273e-07
2317,0.0,5.279839001559594e-07
2318,0.0,5.274701493362954e-07
2319,0.0,5.26936162259517e-07
2320,0.0,5.263985372039315e-07
2321,0.0,5.25865402778436e-07
2322,0.0,5.253507993074891e-07
2323,0.0,5.248188585937896e-07
2324,0.0,5.242978318165115e-07
2325,0.0,5.237646405475971e-07
2326,0.0,5.23249696016137e-07
2327,0.0,5.227246333561197e-07
2328,0.0,5.222035497354227e-07
2329,0.0,5.216833187660086e-07
2330,0.0,5.211489337852981e-07
2331,0.0,5.206400714996562e-07
2332,0.0,5.201198405302421e-07
2333,0.0,5.195923336032138e-07
2334,0.0,5.190732963455957e-07
2335,0.0,5.185586928746488e-07
2336,0.0,5.180409061722457e-07
2337,0.0,5.175271553525818e-07
2338,0.0,5.170157919565099e-07
2339,0.0,5.164972094462428e-07
2340,0.0,5.159765805728966e-07
2341,0.0,5.154571454113466e-07
2342,0.0,5.149377102497965e-07
2343,0.0,5.144223109709856e-07
2344,0.0,5.139207246429578e-07
2345,0.0,5.134020852892718e-07
2346,0.0,5.12893961968075e-07
2347,0.0,5.123664550410467e-07
2348,0.0,5.118543526805297e-07
2349,0.0,5.113510610499361e-07
2350,0.0,5.108389018460002e-07
2351,0.0,5.103227636027441e-07
2352,0.0,5.098089559396612e-07
2353,0.0,5.093041295367584e-07
2354,0.0,5.088016337140289e-07
2355,0.0,5.082886787022289e-07
2356,0.0,5.077725404589728e-07
2357,0.0,5.072732847111183e-07
2358,0.0,5.067587380835903e-07
2359,0.0,5.062514105702576e-07
2360,0.0,5.057562475485611e-07
2361,0.0,5.052376650382939e-07
2362,0.0,5.047416493653145e-07
2363,0.0,5.042392103860038e-07
2364,0.0,5.037254595663399e-07
2365,0.0,5.032242142988252e-07
2366,0.0,5.027250153943896e-07
2367,0.0,5.022298523726931e-07
2368,0.0,5.017209332436323e-07
2369,0.0,5.012160499973106e-07
2370,0.0,5.007200911677501e-07
2371,0.0,5.002059424441541e-07
2372,0.0,4.99723682878539e-07
2373,0.0,4.992115236746031e-07
2374,0.0,4.987228408026567e-07
2375,0.0,4.982143195775279e-07
2376,0.0,4.977256367055816e-07
2377,0.0,4.972199576513958e-07
2378,0.0,4.967247946296993e-07
2379,0.0,4.962235493621847e-07
2380,0.0,4.957340138389554e-07
2381,0.0,4.952324275109277e-07
2382,0.0,4.947376623931632e-07
2383,0.0,4.94251366944809e-07
2384,0.0,4.937505195812264e-07
2385,0.0,4.932557544634619e-07
2386,0.0,4.927622399009124e-07
2387,0.0,4.92266224227933e-07
2388,0.0,4.917779392599186e-07
2389,0.0,4.912827762382221e-07
2390,0.0,4.907944912702078e-07
2391,0.0,4.903138801637397e-07
2392,0.0,4.898057568425429e-07
2393,0.0,4.893238951808598e-07
2394,0.0,4.888432840743917e-07
2395,0.0,4.88342095650296e-07
2396,0.0,4.878533559349307e-07
2397,0.0,4.873747911915416e-07
2398,0.0,4.868876999353233e-07
2399,0.0,4.863929348175589e-07
2400,0.0,4.859058435613406e-07
2401,0.0,4.854312578572717e-07
2402,0.0,4.849360948355752e-07
2403,0.0,4.844558816330391e-07
2404,0.0,4.839704388359678e-07
2405,0.0,4.834837454836816e-07
2406,0.0,4.830079660678166e-07
2407,0.0,4.825156452170631e-07
2408,0.0,4.820370236302551e-07
2409,0.0,4.815628926735371e-07
2410,0.0,4.810625000573054e-07
2411,0.0,4.805919502359757e-07
2412,0.0,4.801097475137794e-07
2413,0.0,4.796368102688575e-07
2414,0.0,4.791513106283674e-07
2415,0.0,4.786718932336953e-07
2416,0.0,4.781981601809093e-07
2417,0.0,4.77712717383838e-07
2418,0.0,4.772405759467802e-07
2419,0.0,4.767619827816816e-07
2420,0.0,4.7628904553675966e-07
2421,0.0,4.7581488615833223e-07
2422,0.0,4.75330637073057e-07
2423,0.0,4.748568755985616e-07
2424,0.0,4.7438717842851474e-07
2425,0.0,4.739065673220466e-07
2426,0.0,4.734360459224263e-07
2427,0.0,4.72968764597681e-07
2428,0.0,4.7249906742763415e-07
2429,0.0,4.720220942999731e-07
2430,0.0,4.7154875915111916e-07
2431,0.0,4.710701659860206e-07
2432,0.0,4.705980245489627e-07
2433,0.0,4.701275031493424e-07
2434,0.0,4.696513542512548e-07
2435,0.0,4.691848687343736e-07
2436,0.0,4.6871517156432674e-07
2437,0.0,4.682580083681387e-07
2438,0.0,4.677842468936433e-07
2439,0.0,4.673137539157324e-07
2440,0.0,4.668505084737262e-07
2441,0.0,4.663799870741059e-07
2442,0.0,4.6590787405875744e-07
2443,0.0,4.654575604945421e-07
2444,0.0,4.649935192446719e-07
2445,0.0,4.645246178824891e-07
2446,0.0,4.640516806375672e-07
2447,0.0,4.635811876596563e-07
2448,0.0,4.6313328994074254e-07
2449,0.0,4.626635927706957e-07
2450,0.0,4.621946914085129e-07
2451,0.0,4.617371303083928e-07
2452,0.0,4.6128116082400084e-07
2453,0.0,4.60811463653954e-07
2454,0.0,4.6035469836169796e-07
2455,0.0,4.5989469299456687e-07
2456,0.0,4.594395477397484e-07
2457,0.0,4.5897064637756557e-07
2458,0.0,4.585207591389917e-07
2459,0.0,4.580583095048496e-07
2460,0.0,4.575950924845529e-07
2461,0.0,4.571463989577751e-07
2462,0.0,4.566774975955923e-07
2463,0.0,4.562272124530864e-07
2464,0.0,4.557744830435695e-07
2465,0.0,4.553132555429329e-07
2466,0.0,4.5486376620829105e-07
2467,0.0,4.5440700091603503e-07
2468,0.0,4.5395185566121654e-07
2469,0.0,4.535023663265747e-07
2470,0.0,4.5303951878850057e-07
2471,0.0,4.5258516934154613e-07
2472,0.0,4.5213892008177936e-07
2473,0.0,4.5168377482696087e-07
2474,0.0,4.5123468339625106e-07
2475,0.0,4.507851940616092e-07
2476,0.0,4.5033004880679073e-07
2477,0.0,4.498837711253145e-07
2478,0.0,4.4943629973204224e-07
2479,0.0,4.489795344397862e-07
2480,0.0,4.485478370952478e-07
2481,0.0,4.4808581378674717e-07
2482,0.0,4.4764439621758356e-07
2483,0.0,4.4718117919728684e-07
2484,0.0,4.4674985133497103e-07
2485,0.0,4.4628743012253835e-07
2486,0.0,4.458492526282498e-07
2487,0.0,4.4541471311276837e-07
2488,0.0,4.4495149609247164e-07
2489,0.0,4.4452019665186526e-07
2490,0.0,4.44073123162525e-07
2491,0.0,4.436203937530081e-07
2492,0.0,4.4318585423752666e-07
2493,0.0,4.427476767432381e-07
2494,0.0,4.422913093549141e-07
2495,0.0,4.418596120103757e-07
2496,0.0,4.4141214061710343e-07
2497,0.0,4.4096589135733666e-07
2498,0.0,4.4053214764971926e-07
2499,0.0,4.4008751842739e-07
2500,0.0,4.396529789119086e-07
2501,0.0,4.392067296521418e-07
2502,0.0,4.3877219013666036e-07
2503,0.0,4.3833480845023587e-07
2504,0.0,4.379035090096295e-07
2505,0.0,4.3744915956267505e-07
2506,0.0,4.3701786012206867e-07
2507,0.0,4.3658252479872317e-07
2508,0.0,4.3615082745418476e-07
2509,0.0,4.3571304786382825e-07
2510,0.0,4.352683902197896e-07
2511,0.0,4.348346749338816e-07
2512,0.0,4.3440337549327523e-07
2513,0.0,4.3397167814873683e-07
2514,0.0,4.3353793444111943e-07
2515,0.0,4.33106237096581e-07
2516,0.0,4.3267493765597465e-07
2517,0.0,4.322242261878273e-07
2518,0.0,4.3179332465115294e-07
2519,0.0,4.31359609365245e-07
2520,0.0,4.3093555746054335e-07
2521,0.0,4.3050425801993697e-07
2522,0.0,4.300790408251487e-07
2523,0.0,4.2964853719240637e-07
2524,0.0,4.292172377518e-07
2525,0.0,4.2878673411905766e-07
2526,0.0,4.2835907265725837e-07
2527,0.0,4.27927773216652e-07
2528,0.0,4.275037497336598e-07
2529,0.0,4.2707407033049094e-07
2530,0.0,4.2665044475143077e-07
2531,0.0,4.262255970388651e-07
2532,0.0,4.258015735558729e-07
2533,0.0,4.253702741152665e-07
2534,0.0,4.249422147495352e-07
2535,0.0,4.245169691330375e-07
2536,0.0,4.240921214204718e-07
2537,0.0,4.2366244201730296e-07
2538,0.0,4.232400385717483e-07
2539,0.0,4.2282167100893275e-07
2540,0.0,4.223919916057639e-07
2541,0.0,4.2198976757390483e-07
2542,0.0,4.2156091240030946e-07
2543,0.0,4.2113040876756713e-07
2544,0.0,4.2071891925843374e-07
2545,0.0,4.202892398552649e-07
2546,0.0,4.1987246390817745e-07
2547,0.0,4.1944198869714455e-07
2548,0.0,4.1904141312443244e-07
2549,0.0,4.1861778754537227e-07
2550,0.0,4.1819535567810817e-07
2551,0.0,4.1777175852075743e-07
2552,0.0,4.17357028936749e-07
2553,0.0,4.169483531768492e-07
2554,0.0,4.1652393178992497e-07
2555,0.0,4.1610837797634304e-07
2556,0.0,4.156871966642939e-07
2557,0.0,4.152849726324348e-07
2558,0.0,4.148605512455106e-07
2559,0.0,4.1444866383244516e-07
2560,0.0,4.140242140238115e-07
2561,0.0,4.1362162050972984e-07
2562,0.0,4.1320930677102297e-07
2563,0.0,4.127856811919628e-07
2564,0.0,4.123826897739491e-07
2565,0.0,4.119687559978047e-07
2566,0.0,4.1155283270200016e-07
2567,0.0,4.111534508410841e-07
2568,0.0,4.10730223165956e-07
2569,0.0,4.103235937691352e-07
2570,0.0,4.0992179606291756e-07
2571,0.0,4.0950141055873246e-07
2572,0.0,4.090854588412185e-07
2573,0.0,4.086929550339846e-07
2574,0.0,4.082685336470604e-07
2575,0.0,4.078760298398265e-07
2576,0.0,4.0746130025581806e-07
2577,0.0,4.0704173898120644e-07
2578,0.0,4.0664437506165996e-07
2579,0.0,4.0623248764859454e-07
2580,0.0,4.058367437664856e-07
2581,0.0,4.054240321238467e-07
2582,0.0,4.050234565511346e-07
2583,0.0,4.046147807912348e-07
2584,0.0,4.042154273520282e-07
2585,0.0,4.0380959376307146e-07
2586,0.0,4.034138498809625e-07
2587,0.0,4.0299548231814697e-07
2588,0.0,4.0260340483655455e-07
2589,0.0,4.021923132313532e-07
2590,0.0,4.0179332927436917e-07
2591,0.0,4.013883199149859e-07
2592,0.0,4.0099541820382e-07
2593,0.0,4.005802622941701e-07
2594,0.0,4.001809088549635e-07
2595,0.0,3.997754731699388e-07
2596,0.0,3.993833672666369e-07
2597,0.0,3.989876518062374e-07
2598,0.0,3.9858869627096283e-07
2599,0.0,3.9819011021791084e-07
2600,0.0,3.9779115468263626e-07
2601,0.0,3.973925970512937e-07
2602,0.0,3.9700049114799185e-07
2603,0.0,3.9659749972997815e-07
2604,0.0,3.961989420986356e-07
2605,0.0,3.957999581416516e-07
2606,0.0,3.954095006974967e-07
2607,0.0,3.950105167405127e-07
2608,0.0,3.9462489098696096e-07
2609,0.0,3.942263333556184e-07
2610,0.0,3.9382777572427585e-07
2611,0.0,3.9343527191704197e-07
2612,0.0,3.930367142856994e-07
2613,0.0,3.926523106656532e-07
2614,0.0,3.922606310879928e-07
2615,0.0,3.9186812728075893e-07
2616,0.0,3.9146956964941637e-07
2617,0.0,3.910843417997967e-07
2618,0.0,3.9068700630195963e-07
2619,0.0,3.903013805484079e-07
2620,0.0,3.8990927464510605e-07
2621,0.0,3.895179929713777e-07
2622,0.0,3.8912770605747937e-07
2623,0.0,3.8873864127708657e-07
2624,0.0,3.8835281657156884e-07
2625,0.0,3.8795627688159584e-07
2626,0.0,3.8758338405386894e-07
2627,0.0,3.8719150552424253e-07
2628,0.0,3.868008207064122e-07
2629,0.0,3.864131770114909e-07
2630,0.0,3.860338040340139e-07
2631,0.0,3.85643545541825e-07
2632,0.0,3.8525143963852315e-07
2633,0.0,3.848741130241251e-07
2634,0.0,3.8448564509963035e-07
2635,0.0,3.8410871638916433e-07
2636,0.0,3.837168378595379e-07
2637,0.0,3.833312121059862e-07
2638,0.0,3.8295061699500366e-07
2639,0.0,3.8255976164691674e-07
2640,0.0,3.8218846043491794e-07
2641,0.0,3.818064726601733e-07
2642,0.0,3.8142266589602514e-07
2643,0.0,3.810378643720469e-07
2644,0.0,3.806574966347398e-07
2645,0.0,3.802801415986323e-07
2646,0.0,3.798989780534612e-07
2647,0.0,3.795216230173537e-07
2648,0.0,3.791424774135521e-07
2649,0.0,3.787693856338592e-07
2650,0.0,3.783790987199609e-07
2651,0.0,3.7799711094521626e-07
2652,0.0,3.776272592403984e-07
2653,0.0,3.772450725136878e-07
2654,0.0,3.768675185256143e-07
2655,0.0,3.7648797501788067e-07
2656,0.0,3.761156790460518e-07
2657,0.0,3.757415640848194e-07
2658,0.0,3.753652322302514e-07
2659,0.0,3.749848644929443e-07
2660,0.0,3.7461339275068894e-07
2661,0.0,3.742459568911727e-07
2662,0.0,3.738696250366047e-07
2663,0.0,3.734955100753723e-07
2664,0.0,3.7311031064746203e-07
2665,0.0,3.7275015074555995e-07
2666,0.0,3.7237623473629355e-07
2667,0.0,3.719999028817256e-07
2668,0.0,3.716324670222093e-07
2669,0.0,3.712581531090109e-07
2670,0.0,3.7088102544657886e-07
2671,0.0,3.705208655446768e-07
2672,0.0,3.701404978073697e-07
2673,0.0,3.6977709783059254e-07
2674,0.0,3.694040060508996e-07
2675,0.0,3.690369680953154e-07
2676,0.0,3.6866549635306e-07
2677,0.0,3.6829160876550304e-07
2678,0.0,3.67931647815567e-07
2679,0.0,3.675581297102326e-07
2680,0.0,3.671947581551649e-07
2681,0.0,3.6682772019958065e-07
2682,0.0,3.664606822439964e-07
2683,0.0,3.6609446851798566e-07
2684,0.0,3.657211493646173e-07
2685,0.0,3.6536707170853333e-07
2686,0.0,3.6499719158200605e-07
2687,0.0,3.6462409980231314e-07
2688,0.0,3.6426413885237707e-07
2689,0.0,3.6390358104654297e-07
2690,0.0,3.635369694166002e-07
2691,0.0,3.631770084666641e-07
2692,0.0,3.6281684856476204e-07
2693,0.0,3.6244375678506913e-07
2694,0.0,3.6208498954692914e-07
2695,0.0,3.6172201589579345e-07
2696,0.0,3.6136790981800004e-07
2697,0.0,3.6099541489420517e-07
2698,0.0,3.6063485708837106e-07
2699,0.0,3.6028177419211715e-07
2700,0.0,3.5992121638628305e-07
2701,0.0,3.5956327337771654e-07
2702,0.0,3.5919666174777376e-07
2703,0.0,3.5883022064808756e-07
2704,0.0,3.5847693879986764e-07
2705,0.0,3.5811657994599955e-07
2706,0.0,3.577681297883828e-07
2707,0.0,3.57401717110406e-07
2708,0.0,3.570484352621861e-07
2709,0.0,3.5668847431225004e-07
2710,0.0,3.563365851277922e-07
2711,0.0,3.5597682312982215e-07
2712,0.0,3.556233423296362e-07
2713,0.0,3.552653993210697e-07
2714,0.0,3.5491817129695846e-07
2715,0.0,3.545553965977888e-07
2716,0.0,3.542035358350404e-07
2717,0.0,3.5385022556511103e-07
2718,0.0,3.5349026461517497e-07
2719,0.0,3.531388017563586e-07
2720,0.0,3.5278895893497975e-07
2721,0.0,3.524356770867598e-07
2722,0.0,3.52084185806234e-07
2723,0.0,3.517242532780074e-07
2724,0.0,3.5137600207235664e-07
2725,0.0,3.5103585105389357e-07
2726,0.0,3.5067790804532706e-07
2727,0.0,3.5032462619710714e-07
2728,0.0,3.499764034131658e-07
2729,0.0,3.496233205169119e-07
2730,0.0,3.492702091989486e-07
2731,0.0,3.489284665647574e-07
2732,0.0,3.4857535524679406e-07
2733,0.0,3.482238923879777e-07
2734,0.0,3.478821213320771e-07
2735,0.0,3.475355185855733e-07
2736,0.0,3.471937475296727e-07
2737,0.0,3.468410625373508e-07
2738,0.0,3.4648959967853443e-07
2739,0.0,3.461462085851963e-07
2740,0.0,3.4579514363031194e-07
2741,0.0,3.4545337257441133e-07
2742,0.0,3.4510676982790756e-07
2743,0.0,3.4477164945201366e-07
2744,0.0,3.444189644596918e-07
2745,0.0,3.4406789950480743e-07
2746,0.0,3.4372615687061625e-07
2747,0.0,3.433860058521532e-07
2748,0.0,3.4303775464650244e-07
2749,0.0,3.42703458500182e-07
2750,0.0,3.4235685575367825e-07
2751,0.0,3.420086045480275e-07
2752,0.0,3.4167734952461615e-07
2753,0.0,3.4132932569264085e-07
2754,0.0,3.409895725781098e-07
2755,0.0,3.406481994261412e-07
2756,0.0,3.40303216717075e-07
2757,0.0,3.3996852266682254e-07
2758,0.0,3.396255294774164e-07
2759,0.0,3.392873964003229e-07
2760,0.0,3.3894585271809774e-07
2761,0.0,3.386113576198113e-07
2762,0.0,3.382730255907518e-07
2763,0.0,3.3793691045502783e-07
2764,0.0,3.375951393991272e-07
2765,0.0,3.372640833276819e-07
2766,0.0,3.3692231227178127e-07
2767,0.0,3.3658156439742015e-07
2768,0.0,3.3624343132032664e-07
2769,0.0,3.359087372700742e-07
2770,0.0,3.3558029599589645e-07
2771,0.0,3.3524440823384793e-07
2772,0.0,3.3489939710307226e-07
2773,0.0,3.34571581106502e-07
2774,0.0,3.342306058584654e-07
2775,0.0,3.339084457820718e-07
2776,0.0,3.335676979077107e-07
2777,0.0,3.332299627345492e-07
2778,0.0,3.328920286094217e-07
2779,0.0,3.325702948586695e-07
2780,0.0,3.32232559685508e-07
2781,0.0,3.3190110571013065e-07
2782,0.0,3.3156356948893517e-07
2783,0.0,3.3123879461527395e-07
2784,0.0,3.309069143142551e-07
2785,0.0,3.3057585824280977e-07
2786,0.0,3.302478432942735e-07
2787,0.0,3.2991678722282813e-07
2788,0.0,3.2957885309770063e-07
2789,0.0,3.292591088666086e-07
2790,0.0,3.2892160106712254e-07
2791,0.0,3.2860003784662695e-07
2792,0.0,3.282689817751816e-07
2793,0.0,3.279411657786113e-07
2794,0.0,3.2761616353127465e-07
2795,0.0,3.2728186738495424e-07
2796,0.0,3.26957291463259e-07
2797,0.0,3.266343071572919e-07
2798,0.0,3.263097312355967e-07
2799,0.0,3.2597847621218534e-07
2800,0.0,3.2565063179390563e-07
2801,0.0,3.253292959470855e-07
2802,0.0,3.250030715662433e-07
2803,0.0,3.2467201549479796e-07
2804,0.0,3.2435755770165997e-07
2805,0.0,3.2402326155533956e-07
2806,0.0,3.2370027724937245e-07
2807,0.0,3.233789414025523e-07
2808,0.0,3.2305433705914766e-07
2809,0.0,3.2273359806822555e-07
2810,0.0,3.2241061376225844e-07
2811,0.0,3.220892779154383e-07
2812,0.0,3.217614334971586e-07
2813,0.0,3.21442115591708e-07
2814,0.0,3.2112723147292854e-07
2815,0.0,3.207998133802903e-07
2816,0.0,3.2048370712800534e-07
2817,0.0,3.2015933015827613e-07
2818,0.0,3.1983796588974656e-07
2819,0.0,3.1951861956258654e-07
2820,0.0,3.192037354438071e-07
2821,0.0,3.1887793738860637e-07
2822,0.0,3.185604384725593e-07
2823,0.0,3.182423142789048e-07
2824,0.0,3.1792944810149493e-07
2825,0.0,3.1760546903569775e-07
2826,0.0,3.172893627834128e-07
2827,0.0,3.1697447866463335e-07
2828,0.0,3.166620103911555e-07
2829,0.0,3.163408450745919e-07
2830,0.0,3.1602152716914134e-07
2831,0.0,3.1570723990625993e-07
2832,0.0,3.15391133653975e-07
2833,0.0,3.1507624953519553e-07
2834,0.0,3.147639802136837e-07
2835,0.0,3.144462823456706e-07
2836,0.0,3.141267370665446e-07
2837,0.0,3.138126487556292e-07
2838,0.0,3.1350282370112836e-07
2839,0.0,3.1318873539021297e-07
2840,0.0,3.1287910928767815e-07
2841,0.0,3.1255999033419357e-07
2842,0.0,3.122521832210623e-07
2843,0.0,3.1193971494758443e-07
2844,0.0,3.116286677595781e-07
2845,0.0,3.1131904165704327e-07
2846,0.0,3.1100958608476503e-07
2847,0.0,3.1069876627043413e-07
2848,0.0,3.1039255077303096e-07
2849,0.0,3.100738297234784e-07
2850,0.0,3.0976218567957403e-07
2851,0.0,3.0945315643293725e-07
2852,0.0,3.0914392823433445e-07
2853,0.0,3.088312610088906e-07
2854,0.0,3.085270918745664e-07
2855,0.0,3.0821482255305455e-07
2856,0.0,3.079084365253948e-07
2857,0.0,3.0759738933738845e-07
2858,0.0,3.072915717439173e-07
2859,0.0,3.069884257911326e-07
2860,0.0,3.0667939654449583e-07
2861,0.0,3.063687472604215e-07
2862,0.0,3.0606580025960284e-07
2863,0.0,3.05753530938091e-07
2864,0.0,3.0545399454240396e-07
2865,0.0,3.051514454455173e-07
2866,0.0,3.0483877822007344e-07
2867,0.0,3.0454106081378995e-07
2868,0.0,3.0423527164202824e-07
2869,0.0,3.039331204490736e-07
2870,0.0,3.036273312773119e-07
2871,0.0,3.0332094524965214e-07
2872,0.0,3.030216078059311e-07
2873,0.0,3.0271257855929434e-07
2874,0.0,3.0241486115301086e-07
2875,0.0,3.0210907198124914e-07
2876,0.0,3.018101608631696e-07
2877,0.0,3.0150437169140787e-07
2878,0.0,3.0120503424768685e-07
2879,0.0,3.0090572522567527e-07
2880,0.0,3.006031477070792e-07
2881,0.0,3.0030423658899963e-07
2882,0.0,3.000045012413466e-07
2883,0.0,2.9969871206958487e-07
2884,0.0,2.994030410263804e-07
2885,0.0,2.991039025346254e-07
2886,0.0,2.988013534377387e-07
2887,0.0,2.9851213412257493e-07
2888,0.0,2.9820674285474524e-07
2889,0.0,2.979041937578586e-07
2890,0.0,2.976149744426948e-07
2891,0.0,2.973091852709331e-07
2892,0.0,2.970163279769622e-07
2893,0.0,2.967143757359736e-07
2894,0.0,2.9642473009516834e-07
2895,0.0,2.961225789022137e-07
2896,0.0,2.958281015708053e-07
2897,0.0,2.955326294795668e-07
2898,0.0,2.9523371836148726e-07
2899,0.0,2.9494449904632347e-07
2900,0.0,2.946419215277274e-07
2901,0.0,2.943561412394047e-07
2902,0.0,2.9405359214251803e-07
2903,0.0,2.9376477073128626e-07
2904,0.0,2.9347049235184386e-07
2905,0.0,2.9317482130863937e-07
2906,0.0,2.928819640146685e-07
2907,0.0,2.9259334155540273e-07
2908,0.0,2.922976420904888e-07
2909,0.0,2.920031931807898e-07
2910,0.0,2.9172102244956477e-07
2911,0.0,2.9141887125661015e-07
2912,0.0,2.9112945298948034e-07
2913,0.0,2.908454916905612e-07
2914,0.0,2.905500195993227e-07
2915,0.0,2.902571623053518e-07
2916,0.0,2.899717799209611e-07
2917,0.0,2.8967770049348474e-07
2918,0.0,2.8938868013028696e-07
2919,0.0,2.891059409648733e-07
2920,0.0,2.888039887238847e-07
2921,0.0,2.8852323907813116e-07
2922,0.0,2.882342471366428e-07
2923,0.0,2.8794178774660395e-07
2924,0.0,2.8765762749571877e-07
2925,0.0,2.873750588605617e-07
2926,0.0,2.8708140575872676e-07
2927,0.0,2.8679562547040405e-07
2928,0.0,2.86513255787213e-07
2929,0.0,2.8622304171221913e-07
2930,0.0,2.8593402134902135e-07
2931,0.0,2.8564480203385756e-07
2932,0.0,2.853606417829724e-07
2933,0.0,2.850752593985817e-07
2934,0.0,2.8479411184889614e-07
2935,0.0,2.845055178113398e-07
2936,0.0,2.8422175546438666e-07
2937,0.0,2.8393597517606395e-07
2938,0.0,2.8365198545543535e-07
2939,0.0,2.8337592539173784e-07
2940,0.0,2.830937830822222e-07
2941,0.0,2.8281002073526906e-07
2942,0.0,2.82527850004044e-07
2943,0.0,2.8223743697708414e-07
2944,0.0,2.8195850632073416e-07
2945,0.0,2.81674346069849e-07
2946,0.0,2.813905837228958e-07
2947,0.0,2.811084414133802e-07
2948,0.0,2.808343708693428e-07
2949,0.0,2.8055487177880423e-07
2950,0.0,2.802715073357831e-07
2951,0.0,2.799893650262675e-07
2952,0.0,2.79712054407355e-07
2953,0.0,2.794299120978394e-07
2954,0.0,2.7915223199670436e-07
2955,0.0,2.788712833989848e-07
2956,0.0,2.7859076112690673e-07
2957,0.0,2.783158947750053e-07
2958,0.0,2.780377883482288e-07
2959,0.0,2.777568681722187e-07
2960,0.0,2.774856113774149e-07
2961,0.0,2.772010532225977e-07
2962,0.0,2.769233446997532e-07
2963,0.0,2.7664930257742526e-07
2964,0.0,2.7637119615064876e-07
2965,0.0,2.760934876278043e-07
2966,0.0,2.7581620543060126e-07
2967,0.0,2.7554798975870654e-07
2968,0.0,2.7526786539056047e-07
2969,0.0,2.749962391135341e-07
2970,0.0,2.7471773478282557e-07
2971,0.0,2.7444448846836167e-07
2972,0.0,2.741655578120117e-07
2973,0.0,2.7389432943891734e-07
2974,0.0,2.7362531795915856e-07
2975,0.0,2.733524695486267e-07
2976,0.0,2.7307518735142366e-07
2977,0.0,2.728023389408918e-07
2978,0.0,2.7252664835941687e-07
2979,0.0,2.7226209908803867e-07
2980,0.0,2.719831684316887e-07
2981,0.0,2.717111442507303e-07
2982,0.0,2.714368747547269e-07
2983,0.0,2.711713023018092e-07
2984,0.0,2.7089765808341326e-07
2985,0.0,2.706284476516885e-07
2986,0.0,2.703557981931226e-07
2987,0.0,2.700853656278923e-07
2988,0.0,2.6981635414813354e-07
2989,0.0,2.695463479085447e-07
2990,0.0,2.6928157126349106e-07
2991,0.0,2.6900934813056665e-07
2992,0.0,2.6873891556533636e-07
2993,0.0,2.684701030375436e-07
2994,0.0,2.6819989784598874e-07
2995,0.0,2.6793350116349757e-07
2996,0.0,2.676632959719427e-07
2997,0.0,2.673961034815875e-07
2998,0.0,2.6712748990576074e-07
2999,0.0,2.6686677756515564e-07
3000,0.0,2.6659009222385066e-07
3001,0.0,2.663329894403432e-07
3002,0.0,2.660644042862259e-07
3003,0.0,2.657935738170636e-07
3004,0.0,2.6553666998552217e-07
3005,0.0,2.6525978569225117e-07
3006,0.0,2.650008923410496e-07
3007,0.0,2.647340977546264e-07
3008,0.0,2.6447358436598734e-07
3009,0.0,2.6420698873153015e-07
3010,0.0,2.6394710062049853e-07
3011,0.0,2.636740248362912e-07
3012,0.0,2.634116924582486e-07
3013,0.0,2.631475410908024e-07
3014,0.0,2.628906656809704e-07
3015,0.0,2.626202331157401e-07
3016,0.0,2.623641535137722e-07
3017,0.0,2.620971883970924e-07
3018,0.0,2.6184008561358496e-07
3019,0.0,2.615698804220301e-07
3020,0.0,2.6131380082006217e-07
3021,0.0,2.6105044526048005e-07
3022,0.0,2.60790130823807e-07
3023,0.0,2.6053285751004296e-07
3024,0.0,2.602702977583249e-07
3025,0.0,2.6001180231105536e-07
3026,0.0,2.597478498955752e-07
3027,0.0,2.594885302187322e-07
3028,0.0,2.5922477675521804e-07
3029,0.0,2.5896872557495954e-07
3030,0.0,2.587154597222252e-07
3031,0.0,2.5845739060059714e-07
3032,0.0,2.5819704774221464e-07
3033,0.0,2.579369322575076e-07
3034,0.0,2.57677243098442e-07
3035,0.0,2.5742033926690056e-07
3036,0.0,2.5716306595313654e-07
3037,0.0,2.569033483723615e-07
3038,0.0,2.566497130374046e-07
3039,0.0,2.563952534728742e-07
3040,0.0,2.561351379881671e-07
3041,0.0,2.558790583861992e-07
3042,0.0,2.556302547418454e-07
3043,0.0,2.5537460146551894e-07
3044,0.0,2.5511690182611346e-07
3045,0.0,2.5485962851234945e-07
3046,0.0,2.546071868891886e-07
3047,0.0,2.543494872497831e-07
3048,0.0,2.5408937176507607e-07
3049,0.0,2.5383855017935275e-07
3050,0.0,2.535885528232029e-07
3051,0.0,2.5333085318379744e-07
3052,0.0,2.5307761575277254e-07
3053,0.0,2.5282963633799227e-07
3054,0.0,2.5257395463995636e-07
3055,0.0,2.5231949507542595e-07
3056,0.0,2.520719135645777e-07
3057,0.0,2.518178519039793e-07
3058,0.0,2.5156705873996543e-07
3059,0.0,2.513111780899635e-07
3060,0.0,2.510603565042402e-07
3061,0.0,2.508123770894599e-07
3062,0.0,2.5055993546629907e-07
3063,0.0,2.503119560515188e-07
3064,0.0,2.500580933428864e-07
3065,0.0,2.4981011392810615e-07
3066,0.0,2.495576723049453e-07
3067,0.0,2.493133308689721e-07
3068,0.0,2.4906208295760734e-07
3069,0.0,2.488147003987251e-07
3070,0.0,2.4856186087163223e-07
3071,0.0,2.4831751943565905e-07
3072,0.0,2.4806689680190175e-07
3073,0.0,2.4781891738712147e-07
3074,0.0,2.4756809580139816e-07
3075,0.0,2.47323953317391e-07
3076,0.0,2.470796118814178e-07
3077,0.0,2.468287902956945e-07
3078,0.0,2.4658382358211384e-07
3079,0.0,2.4632936401758343e-07
3080,0.0,2.460882626564853e-07
3081,0.0,2.458408800976031e-07
3082,0.0,2.455932701650454e-07
3083,0.0,2.453527656598453e-07
3084,0.0,2.451055820529291e-07
3085,0.0,2.4485800054208084e-07
3086,0.0,2.446138580580737e-07
3087,0.0,2.443735525048396e-07
3088,0.0,2.441306037326285e-07
3089,0.0,2.438834201257123e-07
3090,0.0,2.4363686179640354e-07
3091,0.0,2.4339897208847106e-07
3092,0.0,2.4314834945471375e-07
3093,0.0,2.429084418054117e-07
3094,0.0,2.4266429932140454e-07
3095,0.0,2.424239937681705e-07
3096,0.0,2.4218428507083445e-07
3097,0.0,2.419371014639182e-07
3098,0.0,2.4169378320948454e-07
3099,0.0,2.41452653426677e-07
3100,0.0,2.412145647667785e-07
3101,0.0,2.409736623576464e-07
3102,0.0,2.407333568044123e-07
3103,0.0,2.404863721494621e-07
3104,0.0,2.4025112566050666e-07
3105,0.0,2.4000394205359044e-07
3106,0.0,2.39767047105488e-07
3107,0.0,2.395283615896915e-07
3108,0.0,2.3929109715936647e-07
3109,0.0,2.3905261059553595e-07
3110,0.0,2.3881207766862644e-07
3111,0.0,2.3857501219026744e-07
3112,0.0,2.3833692353036895e-07
3113,0.0,2.3809964488918922e-07
3114,0.0,2.378609593733927e-07
3115,0.0,2.3762125067605666e-07
3116,0.0,2.3738519416838244e-07
3117,0.0,2.3714872554592148e-07
3118,0.0,2.3691002581927023e-07
3119,0.0,2.3667355719680927e-07
3120,0.0,2.3643467272904672e-07
3121,0.0,2.3619820410658576e-07
3122,0.0,2.3595971754275524e-07
3123,0.0,2.3572627583234862e-07
3124,0.0,2.354914272473252e-07
3125,0.0,2.3525656445144705e-07
3126,0.0,2.3501930002112204e-07
3127,0.0,2.3478403932131187e-07
3128,0.0,2.3454595066141337e-07
3129,0.0,2.3431594797784783e-07
3130,0.0,2.3408433946769946e-07
3131,0.0,2.338492777198553e-07
3132,0.0,2.3361280909739435e-07
3133,0.0,2.3337796051237092e-07
3134,0.0,2.3314633779136784e-07
3135,0.0,2.329114892063444e-07
3136,0.0,2.3268148652277887e-07
3137,0.0,2.3244663793775544e-07
3138,0.0,2.3221501521675236e-07
3139,0.0,2.31983406706604e-07
3140,0.0,2.3175500984962127e-07
3141,0.0,2.315185412271603e-07
3142,0.0,2.3128693271701195e-07
3143,0.0,2.3105248203592055e-07
3144,0.0,2.308273252538129e-07
3145,0.0,2.3059571674366452e-07
3146,0.0,2.3036409402266145e-07
3147,0.0,2.3013328132037714e-07
3148,0.0,2.2990531078903587e-07
3149,0.0,2.2967044799315772e-07
3150,0.0,2.2944227850985044e-07
3151,0.0,2.292138816528677e-07
3152,0.0,2.289867211402452e-07
3153,0.0,2.2875185834436707e-07
3154,0.0,2.285303537519212e-07
3155,0.0,2.2829550516689778e-07
3156,0.0,2.2807439847838396e-07
3157,0.0,2.278431736613129e-07
3158,0.0,2.2761176410313055e-07
3159,0.0,2.2738701943580963e-07
3160,0.0,2.271594468084004e-07
3161,0.0,2.269314620662044e-07
3162,0.0,2.2670347732400842e-07
3163,0.0,2.2648096376087778e-07
3164,0.0,2.2625256690389506e-07
3165,0.0,2.2603187233016797e-07
3166,0.0,2.2579702374514454e-07
3167,0.0,2.2557894396868505e-07
3168,0.0,2.2534692334374995e-07
3169,0.0,2.2512500663651736e-07
3170,0.0,2.2489803086500615e-07
3171,0.0,2.2467328619768523e-07
3172,0.0,2.2444733360771352e-07
3173,0.0,2.2422581480441295e-07
3174,0.0,2.2399883903290174e-07
3175,0.0,2.2377895447789342e-07
3176,0.0,2.235481417756091e-07
3177,0.0,2.2333006199914962e-07
3178,0.0,2.23107747387985e-07
3179,0.0,2.228807716164738e-07
3180,0.0,2.2265966492795997e-07
3181,0.0,2.224369382020086e-07
3182,0.0,2.222123924866537e-07
3183,0.0,2.2199330373950943e-07
3184,0.0,2.217695680428733e-07
3185,0.0,2.2154482337555237e-07
3186,0.0,2.2132897470328317e-07
3187,0.0,2.2110523900664703e-07
3188,0.0,2.2087847639795655e-07
3189,0.0,2.2066160454414785e-07
3190,0.0,2.2044575587187865e-07
3191,0.0,2.2022364021268004e-07
3192,0.0,2.2000212140937947e-07
3193,0.0,2.197832316142012e-07
3194,0.0,2.195597090803858e-07
3195,0.0,2.193440451492279e-07
3196,0.0,2.191233505755008e-07
3197,0.0,2.1890689083647885e-07
3198,0.0,2.1869124111617566e-07
3199,0.0,2.1846770437150553e-07
3200,0.0,2.1825205465120234e-07
3201,0.0,2.18029725829183e-07
3202,0.0,2.1781245607144228e-07
3203,0.0,2.1759721846592583e-07
3204,0.0,2.1737407962518773e-07
3205,0.0,2.1715682407830172e-07
3206,0.0,2.1694137330996455e-07
3207,0.0,2.1672572358966136e-07
3208,0.0,2.1651005965850345e-07
3209,0.0,2.162897629887084e-07
3210,0.0,2.160741132684052e-07
3211,0.0,2.158621015269091e-07
3212,0.0,2.1564665075857192e-07
3213,0.0,2.1542453509937332e-07
3214,0.0,2.1521211124309048e-07
3215,0.0,2.149952536001365e-07
3216,0.0,2.147794049278673e-07
3217,0.0,2.145649631302149e-07
3218,0.0,2.1434971131384373e-07
3219,0.0,2.141373016684156e-07
3220,0.0,2.1392507676409878e-07
3221,0.0,2.1370942704379559e-07
3222,0.0,2.1349458734221116e-07
3223,0.0,2.1327893762190797e-07
3224,0.0,2.130735907712733e-07
3225,0.0,2.1285833895490214e-07
3226,0.0,2.126431013493857e-07
3227,0.0,2.124310896078896e-07
3228,0.0,2.1221866575160675e-07
3229,0.0,2.1200422395395435e-07
3230,0.0,2.1179847919938766e-07
3231,0.0,2.1158646745789156e-07
3232,0.0,2.1137404360160872e-07
3233,0.0,2.1116325399361813e-07
3234,0.0,2.1095122804126731e-07
3235,0.0,2.1073557832096412e-07
3236,0.0,2.1052478871297353e-07
3237,0.0,2.1031721075814858e-07
3238,0.0,2.1010519901665248e-07
3239,0.0,2.0990046323277056e-07
3240,0.0,2.0968845149127446e-07
3241,0.0,2.0947643974977836e-07
3242,0.0,2.0926826493905537e-07
3243,0.0,2.0905504527490848e-07
3244,0.0,2.088533364030809e-07
3245,0.0,2.0864111149876408e-07
3246,0.0,2.0843334880282782e-07
3247,0.0,2.082197170238942e-07
3248,0.0,2.080151801919783e-07
3249,0.0,2.0780619536253653e-07
3250,0.0,2.0760045060796983e-07
3251,0.0,2.0739146577852807e-07
3252,0.0,2.0718046300771675e-07
3253,0.0,2.0697977731742867e-07
3254,0.0,2.067720004106377e-07
3255,0.0,2.065599886691416e-07
3256,0.0,2.063603119495383e-07
3257,0.0,2.061519381868493e-07
3258,0.0,2.0594052330125123e-07
3259,0.0,2.0574104553361394e-07
3260,0.0,2.0553530077904725e-07
3261,0.0,2.053263159496055e-07
3262,0.0,2.051246070777779e-07
3263,0.0,2.0491785335252644e-07
3264,0.0,2.0471007644573547e-07
3265,0.0,2.0451018656331144e-07
3266,0.0,2.043050528754975e-07
3267,0.0,2.0409909495811007e-07
3268,0.0,2.0389435917422816e-07
3269,0.0,2.0368760544897668e-07
3270,0.0,2.034895345559562e-07
3271,0.0,2.0328317873463675e-07
3272,0.0,2.0308227988152794e-07
3273,0.0,2.0287936308704957e-07
3274,0.0,2.026790753006935e-07
3275,0.0,2.0246787357791618e-07
3276,0.0,2.0227182062626525e-07
3277,0.0,2.0206567796776653e-07
3278,0.0,2.0186134008781664e-07
3279,0.0,2.0166469028026768e-07
3280,0.0,2.0145489543210715e-07
3281,0.0,2.012570377019074e-07
3282,0.0,2.0106078579829045e-07
3283,0.0,2.0085462892893702e-07
3284,0.0,2.0065655803591653e-07
3285,0.0,2.0045708026827924e-07
3286,0.0,2.0026102731662832e-07
3287,0.0,2.000550836100956e-07
3288,0.0,1.9985580479442433e-07
3289,0.0,1.9965106901054241e-07
3290,0.0,1.9945481710692547e-07
3291,0.0,1.9925229821637913e-07
3292,0.0,1.990560605236169e-07
3293,0.0,1.9885676749709091e-07
3294,0.0,1.9865890976689116e-07
3295,0.0,1.9845963095121988e-07
3296,0.0,1.982603521355486e-07
3297,0.0,1.980608601570566e-07
3298,0.0,1.9786482141626038e-07
3299,0.0,1.9766856951264344e-07
3300,0.0,1.9746929069697217e-07
3301,0.0,1.972702108332669e-07
3302,0.0,1.9707759690845705e-07
3303,0.0,1.9687811914081976e-07
3304,0.0,1.966853062640439e-07
3305,0.0,1.9648905436042696e-07
3306,0.0,1.9628674863270135e-07
3307,0.0,1.9609130674780317e-07
3308,0.0,1.95895665910939e-07
3309,0.0,1.9569941400732205e-07
3310,0.0,1.9550033414361678e-07
3311,0.0,1.953073223148749e-07
3312,0.0,1.9511207938194275e-07
3313,0.0,1.949194654571329e-07
3314,0.0,1.9472322776437068e-07
3315,0.0,1.9452495791938418e-07
3316,0.0,1.943320313557706e-07
3317,0.0,1.9413589313899138e-07
3318,0.0,1.939480256396564e-07
3319,0.0,1.9375279691757896e-07
3320,0.0,1.9356048142071813e-07
3321,0.0,1.9336191314778262e-07
3322,0.0,1.9317253929784783e-07
3323,0.0,1.929763868702139e-07
3324,0.0,1.9278610352557735e-07
3325,0.0,1.9259005057392642e-07
3326,0.0,1.923977492879203e-07
3327,0.0,1.9220907176986657e-07
3328,0.0,1.9201463885565317e-07
3329,0.0,1.9182597554845415e-07
3330,0.0,1.9162992259680323e-07
3331,0.0,1.914351912546408e-07
3332,0.0,1.9124743744214356e-07
3333,0.0,1.9105856097212381e-07
3334,0.0,1.9086272118329362e-07
3335,0.0,1.9067607581746415e-07
3336,0.0,1.904834618926543e-07
3337,0.0,1.902962054600721e-07
3338,0.0,1.9010400365004898e-07
3339,0.0,1.899121997439579e-07
3340,0.0,1.897251422633417e-07
3341,0.0,1.8953274150135258e-07
3342,0.0,1.8934578349671938e-07
3343,0.0,1.8915307009592652e-07
3344,0.0,1.889681442435176e-07
3345,0.0,1.8877796037486405e-07
3346,0.0,1.885852469740712e-07
3347,0.0,1.8839870108422474e-07
3348,0.0,1.88209924090188e-07
3349,0.0,1.8802217027769075e-07
3350,0.0,1.878371307384441e-07
3351,0.0,1.8764694686979055e-07
3352,0.0,1.8746121099866286e-07
3353,0.0,1.8727102713000932e-07
3354,0.0,1.870877071041832e-07
3355,0.0,1.8689580372210912e-07
3356,0.0,1.8670804990961187e-07
3357,0.0,1.8652310984634823e-07
3358,0.0,1.8633616605256975e-07
3359,0.0,1.8615124020016083e-07
3360,0.0,1.859612552834733e-07
3361,0.0,1.8578036531380349e-07
3362,0.0,1.8559178727173276e-07
3363,0.0,1.854052413818863e-07
3364,0.0,1.8522152345212817e-07
3365,0.0,1.850398376745943e-07
3366,0.0,1.848528796699611e-07
3367,0.0,1.8466977280695573e-07
3368,0.0,1.8448524485847884e-07
3369,0.0,1.8429707893119485e-07
3370,0.0,1.8411375890536874e-07
3371,0.0,1.8393014045159362e-07
3372,0.0,1.837438077245679e-07
3373,0.0,1.8355866870933824e-07
3374,0.0,1.8338161567044153e-07
3375,0.0,1.8319506978059508e-07
3376,0.0,1.8301479087767802e-07
3377,0.0,1.8282834446381457e-07
3378,0.0,1.8264341861140565e-07
3379,0.0,1.8246636557250895e-07
3380,0.0,1.822798196826625e-07
3381,0.0,1.820965991328194e-07
3382,0.0,1.8191632022990234e-07
3383,0.0,1.8173321336689696e-07
3384,0.0,1.8155303393996292e-07
3385,0.0,1.8137295398901188e-07
3386,0.0,1.811912540006233e-07
3387,0.0,1.8100864451753296e-07
3388,0.0,1.8082553765452758e-07
3389,0.0,1.8064848461563088e-07
3390,0.0,1.804654772286085e-07
3391,0.0,1.802821572027824e-07
3392,0.0,1.8010541680268943e-07
3393,0.0,1.799253368517384e-07
3394,0.0,1.7974616639548913e-07
3395,0.0,1.7956608644453809e-07
3396,0.0,1.793828801055497e-07
3397,0.0,1.7920602601861901e-07
3398,0.0,1.790262587064717e-07
3399,0.0,1.7885021463825979e-07
3400,0.0,1.7867185420072929e-07
3401,0.0,1.7849197320174426e-07
3402,0.0,1.7831199272677623e-07
3403,0.0,1.7813606234540202e-07
3404,0.0,1.77956181346417e-07
3405,0.0,1.7777963989829004e-07
3406,0.0,1.7760027049007476e-07
3407,0.0,1.774236153551101e-07
3408,0.0,1.7724546808040031e-07
3409,0.0,1.770697224401374e-07
3410,0.0,1.768898556520071e-07
3411,0.0,1.7671614216396847e-07
3412,0.0,1.7653717065968522e-07
3413,0.0,1.7635900917412073e-07
3414,0.0,1.7618246772599377e-07
3415,0.0,1.7600662260974786e-07
3416,0.0,1.758300811616209e-07
3417,0.0,1.7565596976965026e-07
3418,0.0,1.754794283215233e-07
3419,0.0,1.753036968921151e-07
3420,0.0,1.7512714123313344e-07
3421,0.0,1.74951921394495e-07
3422,0.0,1.747824427411615e-07
3423,0.0,1.7460611445585528e-07
3424,0.0,1.7443218780499592e-07
3425,0.0,1.7425888643174403e-07
3426,0.0,1.7407991492746078e-07
3427,0.0,1.7390902939951047e-07
3428,0.0,1.7373572802625858e-07
3429,0.0,1.7355998238599568e-07
3430,0.0,1.733818209004312e-07
3431,0.0,1.7321255540991842e-07
3432,0.0,1.73037633999229e-07
3433,0.0,1.7286856746068224e-07
3434,0.0,1.726944560687116e-07
3435,0.0,1.7252467898742907e-07
3436,0.0,1.7235056759545841e-07
3437,0.0,1.7217401193647675e-07
3438,0.0,1.7200171953390964e-07
3439,0.0,1.718340740808344e-07
3440,0.0,1.7165773158467346e-07
3441,0.0,1.7149018560758122e-07
3442,0.0,1.7131625895672187e-07
3443,0.0,1.7114618344749033e-07
3444,0.0,1.7097551108236075e-07
3445,0.0,1.7080320446893893e-07
3446,0.0,1.706356584918467e-07
3447,0.0,1.7046275502252684e-07
3448,0.0,1.7029186949457653e-07
3449,0.0,1.7012270348004677e-07
3450,0.0,1.6994898999200814e-07
3451,0.0,1.6978376038423448e-07
3452,0.0,1.6961156745765038e-07
3453,0.0,1.694408808816661e-07
3454,0.0,1.6927343438055686e-07
3455,0.0,1.6910124145397276e-07
3456,0.0,1.6893298493414477e-07
3457,0.0,1.6876563790901855e-07
3458,0.0,1.685965713704718e-07
3459,0.0,1.684259842704705e-07
3460,0.0,1.6826177784423635e-07
3461,0.0,1.6808978386961826e-07
3462,0.0,1.679221242056883e-07
3463,0.0,1.6775499034338281e-07
3464,0.0,1.6758673382355482e-07
3465,0.0,1.6742099262501142e-07
3466,0.0,1.6725051921184786e-07
3467,0.0,1.670864122615967e-07
3468,0.0,1.6691572568561241e-07
3469,0.0,1.667548445993816e-07
3470,0.0,1.6658447066220106e-07
3471,0.0,1.664156030756203e-07
3472,0.0,1.6625290299998596e-07
3473,0.0,1.6608575492682576e-07
3474,0.0,1.6592012741512008e-07
3475,0.0,1.6575116035255633e-07
3476,0.0,1.6559049242914625e-07
3477,0.0,1.6542324488000304e-07
3478,0.0,1.652542778174393e-07
3479,0.0,1.6509339673120849e-07
3480,0.0,1.6492464283146546e-07
3481,0.0,1.6475981112762383e-07
3482,0.0,1.645959031293387e-07
3483,0.0,1.644336151684911e-07
3484,0.0,1.642678881808024e-07
3485,0.0,1.6410396597166255e-07
3486,0.0,1.6393671842251933e-07
3487,0.0,1.6377443046167173e-07
3488,0.0,1.6360890242594905e-07
3489,0.0,1.6345065034784056e-07
3490,0.0,1.6328350227468036e-07
3491,0.0,1.6312121431383275e-07
3492,0.0,1.6295548732614407e-07
3493,0.0,1.627964252293168e-07
3494,0.0,1.626317072123129e-07
3495,0.0,1.6246940504061058e-07
3496,0.0,1.62307316031729e-07
3497,0.0,1.6214501386002667e-07
3498,0.0,1.61979485824304e-07
3499,0.0,1.618212337461955e-07
3500,0.0,1.6165732574791036e-07
3501,0.0,1.6149523673902877e-07
3502,0.0,1.6133880365032383e-07
3503,0.0,1.6117327561460115e-07
3504,0.0,1.610142135177739e-07
3505,0.0,1.6084888443401724e-07
3506,0.0,1.606938724307838e-07
3507,0.0,1.605315702590815e-07
3508,0.0,1.6037100181165442e-07
3509,0.0,1.6020810278405406e-07
3510,0.0,1.6005066072466434e-07
3511,0.0,1.598893675236468e-07
3512,0.0,1.5973051858964027e-07
3513,0.0,1.5956993593135849e-07
3514,0.0,1.594102769786332e-07
3515,0.0,1.592495948443684e-07
3516,0.0,1.5909316175566346e-07
3517,0.0,1.5893601812422276e-07
3518,0.0,1.5877049008850008e-07
3519,0.0,1.5861587598919868e-07
3520,0.0,1.5845530754177162e-07
3521,0.0,1.5829887445306667e-07
3522,0.0,1.5814141818282224e-07
3523,0.0,1.579788317940256e-07
3524,0.0,1.5782138973463589e-07
3525,0.0,1.5766656247251376e-07
3526,0.0,1.5750963200389378e-07
3527,0.0,1.5734975988834776e-07
3528,0.0,1.571944352463106e-07
3529,0.0,1.5703456313076458e-07
3530,0.0,1.5687975007949717e-07
3531,0.0,1.5671957953600213e-07
3532,0.0,1.565645675327687e-07
3533,0.0,1.5640762285329401e-07
3534,0.0,1.5625118976458907e-07
3535,0.0,1.5609728620802343e-07
3536,0.0,1.559408531193185e-07
3537,0.0,1.5578309842112503e-07
3538,0.0,1.5562757482712186e-07
3539,0.0,1.5547276177585445e-07
3540,0.0,1.5531804820057005e-07
3541,0.0,1.5516424411998742e-07
3542,0.0,1.5500791050726548e-07
3543,0.0,1.548533958839471e-07
3544,0.0,1.546977728139609e-07
3545,0.0,1.545430592386765e-07
3546,0.0,1.5438854461535811e-07
3547,0.0,1.5423474053477548e-07
3548,0.0,1.5408002695949108e-07
3549,0.0,1.539255123361727e-07
3550,0.0,1.5377069928490528e-07
3551,0.0,1.5361699468030565e-07
3552,0.0,1.5346248005698726e-07
3553,0.0,1.533095854711064e-07
3554,0.0,1.5315315238240146e-07
3555,0.0,1.5300186362310342e-07
3556,0.0,1.5285139909337886e-07
3557,0.0,1.52698504507498e-07
3558,0.0,1.5254701679623395e-07
3559,0.0,1.5239250217291556e-07
3560,0.0,1.522395081110517e-07
3561,0.0,1.5208580350645207e-07
3562,0.0,1.5193433000604273e-07
3563,0.0,1.5178466128418222e-07
3564,0.0,1.5163176669830136e-07
3565,0.0,1.514788721124205e-07
3566,0.0,1.5132920339056e-07
3567,0.0,1.5117974783152022e-07
3568,0.0,1.5102685324563936e-07
3569,0.0,1.508739586597585e-07
3570,0.0,1.5072652104208828e-07
3571,0.0,1.5057523228279024e-07
3572,0.0,1.504225366488754e-07
3573,0.0,1.5026964206299454e-07
3574,0.0,1.5012483345344663e-07
3575,0.0,1.4997031883012824e-07
3576,0.0,1.49822483308526e-07
3577,0.0,1.4967443462410301e-07
3578,0.0,1.4951992000078462e-07
3579,0.0,1.4937207026832766e-07
3580,0.0,1.492240357947594e-07
3581,0.0,1.4907598711033643e-07
3582,0.0,1.4892663102727965e-07
3583,0.0,1.4877858234285668e-07
3584,0.0,1.4862750674637937e-07
3585,0.0,1.484796570139224e-07
3586,0.0,1.4833081252163538e-07
3587,0.0,1.4818296278917842e-07
3588,0.0,1.4803340775415563e-07
3589,0.0,1.4788879809657374e-07
3590,0.0,1.477375093372757e-07
3591,0.0,1.475927007277278e-07
3592,0.0,1.4744030352176196e-07
3593,0.0,1.4729711494965159e-07
3594,0.0,1.4714603935317427e-07
3595,0.0,1.4700233919029415e-07
3596,0.0,1.4685429050587118e-07
3597,0.0,1.4670665393623494e-07
3598,0.0,1.4655870472779498e-07
3599,0.0,1.4641733514508815e-07
3600,0.0,1.462660463857901e-07
3601,0.0,1.461225593857307e-07
3602,0.0,1.4597470965327375e-07
3603,0.0,1.458282810062883e-07
3604,0.0,1.4568396977665543e-07
3605,0.0,1.4553694427377195e-07
3606,0.0,1.453954610042274e-07
3607,0.0,1.452445843597161e-07
3608,0.0,1.451000741781172e-07
3609,0.0,1.4495789457669161e-07
3610,0.0,1.448117643576552e-07
3611,0.0,1.4466877473751083e-07
3612,0.0,1.4452204766257637e-07
3613,0.0,1.4437581796755694e-07
3614,0.0,1.4423272887142957e-07
3615,0.0,1.4408993820325122e-07
3616,0.0,1.4394784386695392e-07
3617,0.0,1.4380192681073822e-07
3618,0.0,1.4365974720931263e-07
3619,0.0,1.4351219590480468e-07
3620,0.0,1.4336738729525678e-07
3621,0.0,1.432255061217802e-07
3622,0.0,1.4308261597761884e-07
3623,0.0,1.4294144534687803e-07
3624,0.0,1.4279936522143544e-07
3625,0.0,1.4265343395436503e-07
3626,0.0,1.4251145330490544e-07
3627,0.0,1.423685631607441e-07
3628,0.0,1.4222830202470504e-07
3629,0.0,1.420854118805437e-07
3630,0.0,1.4193938113749027e-07
3631,0.0,1.4180074003888876e-07
3632,0.0,1.4165622985728987e-07
3633,0.0,1.4151596872125083e-07
3634,0.0,1.413747838796553e-07
3635,0.0,1.412375496556706e-07
3636,0.0,1.4109487267432996e-07
3637,0.0,1.409545973274362e-07
3638,0.0,1.4081008714583731e-07
3639,0.0,1.4066982600979827e-07
3640,0.0,1.4052885433102347e-07
3641,0.0,1.403869731575469e-07
3642,0.0,1.4024973893356218e-07
3643,0.0,1.4010866777880437e-07
3644,0.0,1.3996840664276533e-07
3645,0.0,1.3982733548800752e-07
3646,0.0,1.396886801785513e-07
3647,0.0,1.3954964117601776e-07
3648,0.0,1.394105879626295e-07
3649,0.0,1.3926991471180372e-07
3650,0.0,1.391298525277307e-07
3651,0.0,1.3899079931434244e-07
3652,0.0,1.3885154714898817e-07
3653,0.0,1.3871128601294913e-07
3654,0.0,1.3857567182640196e-07
3655,0.0,1.3843499857557617e-07
3656,0.0,1.3829635747697466e-07
3657,0.0,1.381623491170103e-07
3658,0.0,1.3802329590362206e-07
3659,0.0,1.3788485375698656e-07
3660,0.0,1.3774742058103584e-07
3661,0.0,1.3760877948243433e-07
3662,0.0,1.374724547531514e-07
3663,0.0,1.3733097148360685e-07
3664,0.0,1.3719495939312765e-07
3665,0.0,1.370599420624785e-07
3666,0.0,1.3692068989712425e-07
3667,0.0,1.3678487675861106e-07
3668,0.0,1.3664551090641908e-07
3669,0.0,1.3650949881593988e-07
3670,0.0,1.3637206563998916e-07
3671,0.0,1.362392794135303e-07
3672,0.0,1.360996151333893e-07
3673,0.0,1.3596429937479115e-07
3674,0.0,1.358315131483323e-07
3675,0.0,1.3569570000981912e-07
3676,0.0,1.3555998634728894e-07
3677,0.0,1.3542214105655148e-07
3678,0.0,1.352865268700043e-07
3679,0.0,1.3515061425550812e-07
3680,0.0,1.350168190583645e-07
3681,0.0,1.348824127944681e-07
3682,0.0,1.347487170733075e-07
3683,0.0,1.3461249182000756e-07
3684,0.0,1.3447727553739242e-07
3685,0.0,1.3434379297905252e-07
3686,0.0,1.3420918776319013e-07
3687,0.0,1.3407588994596153e-07
3688,0.0,1.339394657406956e-07
3689,0.0,1.33805968971501e-07
3690,0.0,1.3367217377435736e-07
3691,0.0,1.3354120653730206e-07
3692,0.0,1.3340286386664957e-07
3693,0.0,1.332708876589095e-07
3694,0.0,1.3313839986039966e-07
3695,0.0,1.3300460466325603e-07
3696,0.0,1.3287596800637402e-07
3697,0.0,1.3273782428768754e-07
3698,0.0,1.3260826392524905e-07
3699,0.0,1.3247478136690916e-07
3700,0.0,1.3234462414857262e-07
3701,0.0,1.32211127379378e-07
3702,0.0,1.3207591109676287e-07
3703,0.0,1.3194444647979253e-07
3704,0.0,1.3181114866256394e-07
3705,0.0,1.3168160251098016e-07
3706,0.0,1.3154648570434802e-07
3707,0.0,1.3141804799943202e-07
3708,0.0,1.3128767761827476e-07
3709,0.0,1.3115641195327044e-07
3710,0.0,1.310261552589509e-07
3711,0.0,1.308927579657393e-07
3712,0.0,1.3076412130885728e-07
3713,0.0,1.3063123560641543e-07
3714,0.0,1.305024852626957e-07
3715,0.0,1.3036920165632182e-07
3716,0.0,1.3023893075114756e-07
3717,0.0,1.3010928512358078e-07
3718,0.0,1.2998185638934956e-07
3719,0.0,1.298502780855415e-07
3720,0.0,1.2972022034318798e-07
3721,0.0,1.2958996364886843e-07
3722,0.0,1.2946192384788446e-07
3723,0.0,1.293302460680934e-07
3724,0.0,1.292043378953167e-07
3725,0.0,1.2907609914236673e-07
3726,0.0,1.2894643930394523e-07
3727,0.0,1.2881456257218815e-07
3728,0.0,1.2868652277120418e-07
3729,0.0,1.2855727504756942e-07
3730,0.0,1.2842924945744016e-07
3731,0.0,1.2830241757910699e-07
3732,0.0,1.2817356775940425e-07
3733,0.0,1.2804351001705072e-07
3734,0.0,1.2791376491350093e-07
3735,0.0,1.2778653513123572e-07
3736,0.0,1.2765970325290255e-07
3737,0.0,1.2753268663345807e-07
3738,0.0,1.2740403576572135e-07
3739,0.0,1.2727923603961244e-07
3740,0.0,1.2715220520931325e-07
3741,0.0,1.2702255958174646e-07
3742,0.0,1.2689503137153224e-07
3743,0.0,1.2677021743456862e-07
3744,0.0,1.2664300186315813e-07
3745,0.0,1.2651516101414018e-07
3746,0.0,1.263907591919633e-07
3747,0.0,1.262621225350813e-07
3748,0.0,1.2613570277153485e-07
3749,0.0,1.2601169885329e-07
3750,0.0,1.2588225217768922e-07
3751,0.0,1.2575927144098387e-07
3752,0.0,1.2563396012410522e-07
3753,0.0,1.2550592032312125e-07
3754,0.0,1.2538212956769712e-07
3755,0.0,1.2525511294825264e-07
3756,0.0,1.2513029901128903e-07
3757,0.0,1.250050019052651e-07
3758,0.0,1.2488261802445777e-07
3759,0.0,1.247547771754398e-07
3760,0.0,1.246324075054872e-07
3761,0.0,1.2450537667518802e-07
3762,0.0,1.2438492547062197e-07
3763,0.0,1.2425769568835676e-07
3764,0.0,1.241347149516514e-07
3765,0.0,1.240075846453692e-07
3766,0.0,1.2388701975396543e-07
3767,0.0,1.237632289985413e-07
3768,0.0,1.2363791768166266e-07
3769,0.0,1.235161590784628e-07
3770,0.0,1.2339074828560115e-07
3771,0.0,1.2326705700616003e-07
3772,0.0,1.2314629316279024e-07
3773,0.0,1.2301845231377229e-07
3774,0.0,1.2289800110920623e-07
3775,0.0,1.2277460825771414e-07
3776,0.0,1.2265243753972754e-07
3777,0.0,1.2253036629772396e-07
3778,0.0,1.224049555048623e-07
3779,0.0,1.222840921855095e-07
3780,0.0,1.2216332834213972e-07
3781,0.0,1.2204307608953968e-07
3782,0.0,1.2191645737402723e-07
3783,0.0,1.2179599195860646e-07
3784,0.0,1.216754412780574e-07
3785,0.0,1.2155396689195186e-07
3786,0.0,1.2143017613652773e-07
3787,0.0,1.2130951176914095e-07
3788,0.0,1.211901690112427e-07
3789,0.0,1.2106829672120512e-07
3790,0.0,1.2094490386971302e-07
3791,0.0,1.2082283262770943e-07
3792,0.0,1.2070540833519772e-07
3793,0.0,1.2058485765464866e-07
3794,0.0,1.204631843165771e-07
3795,0.0,1.2034443841457687e-07
3796,0.0,1.2022357509522408e-07
3797,0.0,1.2009988381578296e-07
3798,0.0,1.1997992999113194e-07
3799,0.0,1.198619088427222e-07
3800,0.0,1.1974346136867098e-07
3801,0.0,1.196214896026504e-07
3802,0.0,1.1950386635817267e-07
3803,0.0,1.1938401200950466e-07
3804,0.0,1.1926587717425718e-07
3805,0.0,1.19144409893579e-07
3806,0.0,1.1902617558234851e-07
3807,0.0,1.1890824680449441e-07
3808,0.0,1.1878819350386038e-07
3809,0.0,1.1867076921134867e-07
3810,0.0,1.1855232884272482e-07
3811,0.0,1.1843258107546717e-07
3812,0.0,1.1831273383222651e-07
3813,0.0,1.1819550849168081e-07
3814,0.0,1.1807787814177573e-07
3815,0.0,1.1795923882118586e-07
3816,0.0,1.178399955392706e-07
3817,0.0,1.1772166175205712e-07
3818,0.0,1.1760585039155558e-07
3819,0.0,1.1748842609904386e-07
3820,0.0,1.1736998573042001e-07
3821,0.0,1.1725538939799662e-07
3822,0.0,1.1713655112544075e-07
3823,0.0,1.1701811786224425e-07
3824,0.0,1.1690220702575971e-07
3825,0.0,1.16784981685214e-07
3826,0.0,1.1666654842201751e-07
3827,0.0,1.1654911702407844e-07
3828,0.0,1.1643654573845197e-07
3829,0.0,1.1631912144594025e-07
3830,0.0,1.1620088713470977e-07
3831,0.0,1.1608366179416407e-07
3832,0.0,1.1596765148169652e-07
3833,0.0,1.1585346015863252e-07
3834,0.0,1.1573784775009699e-07
3835,0.0,1.1562183743762944e-07
3836,0.0,1.1550461209708374e-07
3837,0.0,1.1539001576466035e-07
3838,0.0,1.1527582444159634e-07
3839,0.0,1.1515840014908463e-07
3840,0.0,1.1504582886345815e-07
3841,0.0,1.1493021645492263e-07
3842,0.0,1.1481289163839392e-07
3843,0.0,1.1470051930473346e-07
3844,0.0,1.1458653403906283e-07
3845,0.0,1.144709216305273e-07
3846,0.0,1.143567303074633e-07
3847,0.0,1.1424112500435513e-07
3848,0.0,1.1412753764261652e-07
3849,0.0,1.1401334631955251e-07
3850,0.0,1.1389764154046134e-07
3851,0.0,1.137887011282146e-07
3852,0.0,1.136714757876689e-07
3853,0.0,1.1355809448332366e-07
3854,0.0,1.134457221496632e-07
3855,0.0,1.1333062133189742e-07
3856,0.0,1.1321804294084359e-07
3857,0.0,1.1310445557910498e-07
3858,0.0,1.1299047031343434e-07
3859,0.0,1.1287880141708229e-07
3860,0.0,1.1276683409278121e-07
3861,0.0,1.1265284172168322e-07
3862,0.0,1.1254067544541613e-07
3863,0.0,1.1242678255030114e-07
3864,0.0,1.1231562524471883e-07
3865,0.0,1.1220143392165483e-07
3866,0.0,1.1209117900534693e-07
3867,0.0,1.119779966529677e-07
3868,0.0,1.1186602932866663e-07
3869,0.0,1.1175679048847087e-07
3870,0.0,1.116423931080135e-07
3871,0.0,1.1153164081179057e-07
3872,0.0,1.114197729634725e-07
3873,0.0,1.1130860855246283e-07
3874,0.0,1.1119936971226707e-07
3875,0.0,1.1108335939979952e-07
3876,0.0,1.1097422003558677e-07
3877,0.0,1.108655851567164e-07
3878,0.0,1.1075280781369656e-07
3879,0.0,1.1064215499345664e-07
3880,0.0,1.1053280957185052e-07
3881,0.0,1.104191227341289e-07
3882,0.0,1.103111983979943e-07
3883,0.0,1.1020054557775438e-07
3884,0.0,1.1009100120418225e-07
3885,0.0,1.0997913335586418e-07
3886,0.0,1.0987140797169559e-07
3887,0.0,1.0976317810218461e-07
3888,0.0,1.0964797780843583e-07
3889,0.0,1.0954014584285687e-07
3890,0.0,1.094314114880035e-07
3891,0.0,1.0932379268524528e-07
3892,0.0,1.0921586124368332e-07
3893,0.0,1.0910035541655816e-07
3894,0.0,1.0899253055640656e-07
3895,0.0,1.0888642520967551e-07
3896,0.0,1.0877779033080515e-07
3897,0.0,1.0866986599467054e-07
3898,0.0,1.0856224008648496e-07
3899,0.0,1.0845118225688566e-07
3900,0.0,1.0834244790203229e-07
3901,0.0,1.0823320195640918e-07
3902,0.0,1.0812537709625758e-07
3903,0.0,1.0801765171208899e-07
3904,0.0,1.0791003290933077e-07
3905,0.0,1.078013980304604e-07
3906,0.0,1.076934736943258e-07
3907,0.0,1.075874607181504e-07
3908,0.0,1.074796358579988e-07
3909,0.0,1.073718109978472e-07
3910,0.0,1.0726590460308216e-07
3911,0.0,1.0715484677348286e-07
3912,0.0,1.0704641795200587e-07
3913,0.0,1.0694020602386445e-07
3914,0.0,1.0683268669708923e-07
3915,0.0,1.0672687977830719e-07
3916,0.0,1.066190549181556e-07
3917,0.0,1.0651304904740755e-07
3918,0.0,1.0640997061273083e-07
3919,0.0,1.063041636939488e-07
3920,0.0,1.0619674384315658e-07
3921,0.0,1.0609073797240853e-07
3922,0.0,1.0598473210166048e-07
3923,0.0,1.058771061934749e-07
3924,0.0,1.0577130638012022e-07
3925,0.0,1.0566681396539934e-07
3926,0.0,1.0555999807593253e-07
3927,0.0,1.0545439721454386e-07
3928,0.0,1.0534839134379581e-07
3929,0.0,1.0524076543561023e-07
3930,0.0,1.0514163051311698e-07
3931,0.0,1.050340046049314e-07
3932,0.0,1.0492961877162088e-07
3933,0.0,1.0482300183412008e-07
3934,0.0,1.0471881495277557e-07
3935,0.0,1.0461270960604452e-07
3936,0.0,1.0451044119008657e-07
3937,0.0,1.0440443531933852e-07
3938,0.0,1.043013568846618e-07
3939,0.0,1.0419525153793074e-07
3940,0.0,1.0408975015252508e-07
3941,0.0,1.0398859018323492e-07
3942,0.0,1.0388369986458201e-07
3943,0.0,1.0377779346981697e-07
3944,0.0,1.0367380554043848e-07
3945,0.0,1.0357356217127744e-07
3946,0.0,1.0346816026185479e-07
3947,0.0,1.0336366784713391e-07
3948,0.0,1.0326392896331527e-07
3949,0.0,1.0315782361658421e-07
3950,0.0,1.0305474518190749e-07
3951,0.0,1.0295399022197671e-07
3952,0.0,1.028498033406322e-07
3953,0.0,1.0274662542997248e-07
3954,0.0,1.026444635954249e-07
3955,0.0,1.0254260018882633e-07
3956,0.0,1.0243861225944784e-07
3957,0.0,1.0233715386220865e-07
3958,0.0,1.0223296698086415e-07
3959,0.0,1.021314020022146e-07
3960,0.0,1.0202924016766701e-07
3961,0.0,1.0192747623705145e-07
3962,0.0,1.0182662180113766e-07
3963,0.0,1.0172364994787131e-07
3964,0.0,1.0162401054003567e-07
3965,0.0,1.015196176012978e-07
3966,0.0,1.0141815920405861e-07
3967,0.0,1.013176103015212e-07
3968,0.0,1.0121453186684448e-07
3969,0.0,1.0111640591503601e-07
3970,0.0,1.0101252456706789e-07
3971,0.0,1.009141001873104e-07
3972,0.0,1.0081274126605422e-07
3973,0.0,1.0071037337411326e-07
3974,0.0,1.0060901445285708e-07
3975,0.0,1.0051098797703162e-07
3976,0.0,1.0040710662906349e-07
3977,0.0,1.0030877461986165e-07
3978,0.0,1.0021075524946355e-07
3979,0.0,1.0010939632820737e-07
3980,0.0,1.0000894690165296e-07
3981,0.0,9.990758798039678e-08
3982,0.0,9.980784909657814e-08
3983,0.0,9.970982262075267e-08
3984,0.0,9.960826474753048e-08
3985,0.0,9.950771584499307e-08
3986,0.0,9.940968936916761e-08
3987,0.0,9.930995048534896e-08
3988,0.0,9.921031107751332e-08
3989,0.0,9.911228460168786e-08
3990,0.0,9.901264519385222e-08
3991,0.0,9.891290631003358e-08
3992,0.0,9.881326690219794e-08
3993,0.0,9.8716760987827e-08
3994,0.0,9.86163115612726e-08
3995,0.0,9.851828508544713e-08
3996,0.0,9.842066361898105e-08
3997,0.0,9.832254477259994e-08
3998,0.0,9.822451829677448e-08
3999,0.0,9.812487888893884e-08
4000,0.0,9.802847245055091e-08
4001,0.0,9.792711352929473e-08
4002,0.0,9.783111210026618e-08
4003,0.0,9.773228271114931e-08
4004,0.0,9.763425623532385e-08
4005,0.0,9.753775032095291e-08
4006,0.0,9.744022833046984e-08
4007,0.0,9.73437721540904e-08
4008,0.0,9.72458025216838e-08
4009,0.0,9.714818105521772e-08
4010,0.0,9.705354386824183e-08
4011,0.0,9.69539541983977e-08
4012,0.0,9.685790303137765e-08
4013,0.0,9.676078605025396e-08
4014,0.0,9.666271694186435e-08
4015,0.0,9.656837818283748e-08
4016,0.0,9.647035881243937e-08
4017,0.0,9.637258813199878e-08
4018,0.0,9.627733987827014e-08
4019,0.0,9.618265295330275e-08
4020,0.0,9.608508122482817e-08
4021,0.0,9.598867478644024e-08
4022,0.0,9.589373917151534e-08
4023,0.0,9.579581217167288e-08
4024,0.0,9.569976100465283e-08
4025,0.0,9.560749703041438e-08
4026,0.0,9.551013135933317e-08
4027,0.0,9.541534495838278e-08
4028,0.0,9.532019618063714e-08
4029,0.0,9.522389632365957e-08
4030,0.0,9.512965704061571e-08
4031,0.0,9.503416009692955e-08
4032,0.0,9.493982844333004e-08
4033,0.0,9.484372753831849e-08
4034,0.0,9.474863560399172e-08
4035,0.0,9.465419736898184e-08
4036,0.0,9.45588993772617e-08
4037,0.0,9.446461746165369e-08
4038,0.0,9.436907077997603e-08
4039,0.0,9.427498781633403e-08
4040,0.0,9.418150881401743e-08
4041,0.0,9.408682188905004e-08
4042,0.0,9.399511924357284e-08
4043,0.0,9.390073074655447e-08
4044,0.0,9.380422483218354e-08
4045,0.0,9.371115083922632e-08
4046,0.0,9.361605890489955e-08
4047,0.0,9.352520891070526e-08
4048,0.0,9.343128226646513e-08
4049,0.0,9.333638928410437e-08
4050,0.0,9.324372030050654e-08
4051,0.0,9.315054683156632e-08
4052,0.0,9.305788495339584e-08
4053,0.0,9.296420699911323e-08
4054,0.0,9.287234803423416e-08
4055,0.0,9.277826507059217e-08
4056,0.0,9.268478606827557e-08
4057,0.0,9.259313316078988e-08
4058,0.0,9.250046417719204e-08
4059,0.0,9.240729070825182e-08
4060,0.0,9.231502673401337e-08
4061,0.0,9.222256380780891e-08
4062,0.0,9.213231777494002e-08
4063,0.0,9.203904483001679e-08
4064,0.0,9.19474913985141e-08
4065,0.0,9.185649219034531e-08
4066,0.0,9.176159920798455e-08
4067,0.0,9.167155923250903e-08
4068,0.0,9.157979974361297e-08
4069,0.0,9.148966029215444e-08
4070,0.0,9.139724710394148e-08
4071,0.0,9.130397415901825e-08
4072,0.0,9.121382760213237e-08
4073,0.0,9.112378762665685e-08
4074,0.0,9.103218445716266e-08
4075,0.0,9.094204500570413e-08
4076,0.0,9.08487720607809e-08
4077,0.0,9.075878182329689e-08
4078,0.0,9.06679318291026e-08
4079,0.0,9.057627181618955e-08
4080,0.0,9.048790161614306e-08
4081,0.0,9.039664661258939e-08
4082,0.0,9.030660663711387e-08
4083,0.0,9.021651692364685e-08
4084,0.0,9.012496349214416e-08
4085,0.0,9.00332537412396e-08
4086,0.0,8.994493327918462e-08
4087,0.0,8.9855447527043e-08
4088,0.0,8.9766928113022e-08
4089,0.0,8.9677037351521e-08
4090,0.0,8.958527786262493e-08
4091,0.0,8.949539420655128e-08
4092,0.0,8.940585871641815e-08
4093,0.0,8.93173819349613e-08
4094,0.0,8.922825145418756e-08
4095,0.0,8.913998073012408e-08
4096,0.0,8.904867598857891e-08
4097,0.0,8.896035552652393e-08
4098,0.0,8.887046476502292e-08
4099,0.0,8.878249957433582e-08
4100,0.0,8.86925590748433e-08
4101,0.0,8.860499889351559e-08
4102,0.0,8.851874611082167e-08
4103,0.0,8.842885534932066e-08
4104,0.0,8.834043541128267e-08
4105,0.0,8.825094965914104e-08
4106,0.0,8.81650024098235e-08
4107,0.0,8.807673168576002e-08
4108,0.0,8.798719619562689e-08
4109,0.0,8.789892547156342e-08
4110,0.0,8.78126726888695e-08
4111,0.0,8.772359194608725e-08
4112,0.0,8.763562675540015e-08
4113,0.0,8.754896896334685e-08
4114,0.0,8.746150825800214e-08
4115,0.0,8.737359280530654e-08
4116,0.0,8.728532208124307e-08
4117,0.0,8.719987931726791e-08
4118,0.0,8.711170806918744e-08
4119,0.0,8.702384235448335e-08
4120,0.0,8.693677955307066e-08
4121,0.0,8.685012886644472e-08
4122,0.0,8.676225604631327e-08
4123,0.0,8.667802831041627e-08
4124,0.0,8.659016259571217e-08
4125,0.0,8.650270189036746e-08
4126,0.0,8.641821835908559e-08
4127,0.0,8.633126213908326e-08
4128,0.0,8.624460434702996e-08
4129,0.0,8.61559286136071e-08
4130,0.0,8.607251089642887e-08
4131,0.0,8.598484413369079e-08
4132,0.0,8.589940136971563e-08
4133,0.0,8.581274357766233e-08
4134,0.0,8.572735765710604e-08
4135,0.0,8.56421138450969e-08
4136,0.0,8.555748109984052e-08
4137,0.0,8.547163332650598e-08
4138,0.0,8.538553686321393e-08
4139,0.0,8.530181361265932e-08
4140,0.0,8.521364236457885e-08
4141,0.0,8.512981963804123e-08
4142,0.0,8.504452608804058e-08
4143,0.0,8.49599928187672e-08
4144,0.0,8.487425162684303e-08
4145,0.0,8.478814805812362e-08
4146,0.0,8.470593826359618e-08
4147,0.0,8.461913836299573e-08
4148,0.0,8.453449851231198e-08
4149,0.0,8.445088184316774e-08
4150,0.0,8.436669673983488e-08
4151,0.0,8.428065001453433e-08
4152,0.0,8.419859653940875e-08
4153,0.0,8.411325325141661e-08
4154,0.0,8.403119977629103e-08
4155,0.0,8.394504646958012e-08
4156,0.0,8.386137295701701e-08
4157,0.0,8.377936921988294e-08
4158,0.0,8.36935711845399e-08
4159,0.0,8.361075742868707e-08
4160,0.0,8.352557046009679e-08
4161,0.0,8.344179747155067e-08
4162,0.0,8.335978662898924e-08
4163,0.0,8.327611311642613e-08
4164,0.0,8.319248934185453e-08
4165,0.0,8.310811239198301e-08
4166,0.0,8.30275723728846e-08
4167,0.0,8.294313857959423e-08
4168,0.0,8.28603745617329e-08
4169,0.0,8.277761054387156e-08
4170,0.0,8.269555706874598e-08
4171,0.0,8.261031325673684e-08
4172,0.0,8.252946770426206e-08
4173,0.0,8.244913374255702e-08
4174,0.0,8.236465021127515e-08
4175,0.0,8.228344938743248e-08
4176,0.0,8.219988245627974e-08
4177,0.0,8.211873137042858e-08
4178,0.0,8.203515733384847e-08
4179,0.0,8.195239331598714e-08
4180,0.0,8.18727627915905e-08
4181,0.0,8.179035404509705e-08
4182,0.0,8.170921006467324e-08
4183,0.0,8.162563602809314e-08
4184,0.0,8.154610497967951e-08
4185,0.0,8.146334096181818e-08
4186,0.0,8.138218987596701e-08
4187,0.0,8.129912743015666e-08
4188,0.0,8.12204064004618e-08
4189,0.0,8.113764238260046e-08
4190,0.0,8.105568127803053e-08
4191,0.0,8.097655523897629e-08
4192,0.0,8.089541125855249e-08
4193,0.0,8.081264724069115e-08
4194,0.0,8.073321566826053e-08
4195,0.0,8.065328671591487e-08
4196,0.0,8.057213563006371e-08
4197,0.0,8.049099164963991e-08
4198,0.0,8.041039478712264e-08
4199,0.0,8.033087084413637e-08
4200,0.0,8.025143927170575e-08
4201,0.0,8.016998975790557e-08
4202,0.0,8.008964869077317e-08
4203,0.0,8.000930762364078e-08
4204,0.0,7.99302881659969e-08
4205,0.0,7.984918681813724e-08
4206,0.0,7.977097027378477e-08
4207,0.0,7.968992576934397e-08
4208,0.0,7.961039472093034e-08
4209,0.0,7.95306149825592e-08
4210,0.0,7.945199342884735e-08
4211,0.0,7.937215684705734e-08
4212,0.0,7.92918726233438e-08
4213,0.0,7.921365607899133e-08
4214,0.0,7.913503452527948e-08
4215,0.0,7.905524768148098e-08
4216,0.0,7.897491371977594e-08
4217,0.0,7.889760667012524e-08
4218,0.0,7.881731534098435e-08
4219,0.0,7.873909879663188e-08
4220,0.0,7.86613369996303e-08
4221,0.0,7.858312045527782e-08
4222,0.0,7.850056249480986e-08
4223,0.0,7.842390914447606e-08
4224,0.0,7.834538706674721e-08
4225,0.0,7.8268030279105e-08
4226,0.0,7.818930924941014e-08
4227,0.0,7.811043900574077e-08
4228,0.0,7.803303248010707e-08
4229,0.0,7.795527068310548e-08
4230,0.0,7.787705413875301e-08
4231,0.0,7.779979682709381e-08
4232,0.0,7.772203503009223e-08
4233,0.0,7.764472798044153e-08
4234,0.0,7.756817410609074e-08
4235,0.0,7.749036257109765e-08
4236,0.0,7.741068230870951e-08
4237,0.0,7.733413553978608e-08
4238,0.0,7.725561346205723e-08
4239,0.0,7.717906669313379e-08
4240,0.0,7.710170990549159e-08
4241,0.0,7.702399784648151e-08
4242,0.0,7.69466410588393e-08
4243,0.0,7.687099667919028e-08
4244,0.0,7.679535940496862e-08
4245,0.0,7.671683732723977e-08
4246,0.0,7.664029055831634e-08
4247,0.0,7.656303324665714e-08
4248,0.0,7.648819888572689e-08
4249,0.0,7.641165211680345e-08
4250,0.0,7.633394005779337e-08
4251,0.0,7.625749276485294e-08
4252,0.0,7.618023545319375e-08
4253,0.0,7.610621111098226e-08
4254,0.0,7.603047436077759e-08
4255,0.0,7.595321704911839e-08
4256,0.0,7.587717476553735e-08
4257,0.0,7.579986771588665e-08
4258,0.0,7.572594284965817e-08
4259,0.0,7.56503055754365e-08
4260,0.0,7.557456171980448e-08
4261,0.0,7.549892444558282e-08
4262,0.0,7.542328717136115e-08
4263,0.0,7.534764279171213e-08
4264,0.0,7.527210499347348e-08
4265,0.0,7.519808065126199e-08
4266,0.0,7.512244337704033e-08
4267,0.0,7.504680610281866e-08
4268,0.0,7.497207121787142e-08
4269,0.0,7.489724396236852e-08
4270,0.0,7.482321962015703e-08
4271,0.0,7.474692154119111e-08
4272,0.0,7.467290430440698e-08
4273,0.0,7.459806994347673e-08
4274,0.0,7.452253214523807e-08
4275,0.0,7.444931782174535e-08
4276,0.0,7.437368054752369e-08
4277,0.0,7.430137571873274e-08
4278,0.0,7.422578107707523e-08
4279,0.0,7.415105329755534e-08
4280,0.0,7.407712843132686e-08
4281,0.0,7.400311119454273e-08
4282,0.0,7.392918632831424e-08
4283,0.0,7.385521172409426e-08
4284,0.0,7.378129396329314e-08
4285,0.0,7.370807963980042e-08
4286,0.0,7.363471610233319e-08
4287,0.0,7.355988174140293e-08
4288,0.0,7.348757691261198e-08
4289,0.0,7.341203911437333e-08
4290,0.0,7.333968454759088e-08
4291,0.0,7.326666917606417e-08
4292,0.0,7.319309958120357e-08
4293,0.0,7.311918182040245e-08
4294,0.0,7.30468769916115e-08
4295,0.0,7.297381188209329e-08
4296,0.0,7.289989412129216e-08
4297,0.0,7.28287474771605e-08
4298,0.0,7.275573921106115e-08
4299,0.0,7.268181434483267e-08
4300,0.0,7.2610369272752e-08
4301,0.0,7.253765943460166e-08
4302,0.0,7.246540434380222e-08
4303,0.0,7.23915860589841e-08
4304,0.0,7.231882648284227e-08
4305,0.0,7.224733167277009e-08
4306,0.0,7.217598607667242e-08
4307,0.0,7.21028712291627e-08
4308,0.0,7.203193064242441e-08
4309,0.0,7.19587660569232e-08
4310,0.0,7.188615569475587e-08
4311,0.0,7.181390770938378e-08
4312,0.0,7.174331528858602e-08
4313,0.0,7.167227522586472e-08
4314,0.0,7.159931669775688e-08
4315,0.0,7.152701186896593e-08
4316,0.0,7.145768421423782e-08
4317,0.0,7.138542912343837e-08
4318,0.0,7.131433932272557e-08
4319,0.0,7.12428942506449e-08
4320,0.0,7.117073863582846e-08
4321,0.0,7.110055832981743e-08
4322,0.0,7.102911325773675e-08
4323,0.0,7.095898268971723e-08
4324,0.0,7.08875305122092e-08
4325,0.0,7.0815737274188e-08
4326,0.0,7.074439167809032e-08
4327,0.0,7.067425400464344e-08
4328,0.0,7.060371842726454e-08
4329,0.0,7.053358785924502e-08
4330,0.0,7.04629528058831e-08
4331,0.0,7.039357541316349e-08
4332,0.0,7.032222981706582e-08
4333,0.0,7.02520992490463e-08
4334,0.0,7.018227421440315e-08
4335,0.0,7.011133362766486e-08
4336,0.0,7.004130253562835e-08
4337,0.0,6.997075985282208e-08
4338,0.0,6.990052980881956e-08
4339,0.0,6.982999423144065e-08
4340,0.0,6.976066657671254e-08
4341,0.0,6.969119681343727e-08
4342,0.0,6.962167020674315e-08
4343,0.0,6.955133358133025e-08
4344,0.0,6.948190645061914e-08
4345,0.0,6.941409935734555e-08
4346,0.0,6.934457275065142e-08
4347,0.0,6.92744919206234e-08
4348,0.0,6.920668482734982e-08
4349,0.0,6.913635530736428e-08
4350,0.0,6.90662176339174e-08
4351,0.0,6.899760052192505e-08
4352,0.0,6.892808102065828e-08
4353,0.0,6.885966286063194e-08
4354,0.0,6.879013625393782e-08
4355,0.0,6.872041069527768e-08
4356,0.0,6.865502655273303e-08
4357,0.0,6.85853507320644e-08
4358,0.0,6.851713862943143e-08
4359,0.0,6.844741307077129e-08
4360,0.0,6.837959887207035e-08
4361,0.0,6.831068333212897e-08
4362,0.0,6.824414100492504e-08
4363,0.0,6.817440834083754e-08
4364,0.0,6.810680730495733e-08
4365,0.0,6.803768570762259e-08
4366,0.0,6.797012730430652e-08
4367,0.0,6.790201467765655e-08
4368,0.0,6.783380257502358e-08
4369,0.0,6.77652920444416e-08
4370,0.0,6.769742810774915e-08
4371,0.0,6.76312410519131e-08
4372,0.0,6.756312842526313e-08
4373,0.0,6.749557002194706e-08
4374,0.0,6.74299869274364e-08
4375,0.0,6.736046032074228e-08
4376,0.0,6.729260348947719e-08
4377,0.0,6.722823542304468e-08
4378,0.0,6.715855249694869e-08
4379,0.0,6.709175437435988e-08
4380,0.0,6.702566679450683e-08
4381,0.0,6.695771048725874e-08
4382,0.0,6.689000286996816e-08
4383,0.0,6.682487452280839e-08
4384,0.0,6.675696084812444e-08
4385,0.0,6.668940955023572e-08
4386,0.0,6.662331486495532e-08
4387,0.0,6.6556268052409e-08
4388,0.0,6.649108996725772e-08
4389,0.0,6.642272154522288e-08
4390,0.0,6.635845295477338e-08
4391,0.0,6.629048954209793e-08
4392,0.0,6.622359194352612e-08
4393,0.0,6.615937309106812e-08
4394,0.0,6.60918217931794e-08
4395,0.0,6.602754609730255e-08
4396,0.0,6.595918478069507e-08
4397,0.0,6.589380063815042e-08
4398,0.0,6.582715883496348e-08
4399,0.0,6.576283340109512e-08
4400,0.0,6.569613475448932e-08
4401,0.0,6.563100640732955e-08
4402,0.0,6.556537357482739e-08
4403,0.0,6.550019548967612e-08
4404,0.0,6.543596953179076e-08
4405,0.0,6.536841823390205e-08
4406,0.0,6.530439833341006e-08
4407,0.0,6.523841022954002e-08
4408,0.0,6.517338135836326e-08
4409,0.0,6.51083524871865e-08
4410,0.0,6.504261307327397e-08
4411,0.0,6.497793947346509e-08
4412,0.0,6.491301007827133e-08
4413,0.0,6.484808778850493e-08
4414,0.0,6.478214942262639e-08
4415,0.0,6.471731950341564e-08
4416,0.0,6.465305091296614e-08
4417,0.0,6.458852652713176e-08
4418,0.0,6.452430767467376e-08
4419,0.0,6.446038725016479e-08
4420,0.0,6.439525890300501e-08
4421,0.0,6.433164401187241e-08
4422,0.0,6.426661514069565e-08
4423,0.0,6.420087572678312e-08
4424,0.0,6.413837638774567e-08
4425,0.0,6.40739017399028e-08
4426,0.0,6.40096828874448e-08
4427,0.0,6.394485296823404e-08
4428,0.0,6.388204809582021e-08
4429,0.0,6.381863926208098e-08
4430,0.0,6.375502437094838e-08
4431,0.0,6.369019445173763e-08
4432,0.0,6.362597559927963e-08
4433,0.0,6.356408022156756e-08
4434,0.0,6.350006032107558e-08
4435,0.0,6.343624647797697e-08
4436,0.0,6.337308633419525e-08
4437,0.0,6.330947144306265e-08
4438,0.0,6.324555812398103e-08
4439,0.0,6.318335721289259e-08
4440,0.0,6.311974232175999e-08
4441,0.0,6.305582189725101e-08
4442,0.0,6.299382704355594e-08
4443,0.0,6.292990661904696e-08
4444,0.0,6.286791176535189e-08
4445,0.0,6.280414766024478e-08
4446,0.0,6.274093777847156e-08
4447,0.0,6.267985241947827e-08
4448,0.0,6.26154275096269e-08
4449,0.0,6.255393714127422e-08
4450,0.0,6.249032225014162e-08
4451,0.0,6.242928662913982e-08
4452,0.0,6.236577121399023e-08
4453,0.0,6.230417426422719e-08
4454,0.0,6.224147597322371e-08
4455,0.0,6.217952375209279e-08
4456,0.0,6.211681835566196e-08
4457,0.0,6.205573299666867e-08
4458,0.0,6.199257285288695e-08
4459,0.0,6.19307769511579e-08
4460,0.0,6.187050161088337e-08
4461,0.0,6.180708567171678e-08
4462,0.0,6.174605005071498e-08
4463,0.0,6.168334465428416e-08
4464,0.0,6.162220955729936e-08
4465,0.0,6.15611170928787e-08
4466,0.0,6.149841880187523e-08
4467,0.0,6.143758213283945e-08
4468,0.0,6.137568675512739e-08
4469,0.0,6.131459429070674e-08
4470,0.0,6.125436868842371e-08
4471,0.0,6.119267226267766e-08
4472,0.0,6.113001660423834e-08
4473,0.0,6.107044470127221e-08
4474,0.0,6.100870564296201e-08
4475,0.0,6.094700921721596e-08
4476,0.0,6.088678361493294e-08
4477,0.0,6.082569115051228e-08
4478,0.0,6.076576397617828e-08
4479,0.0,6.070295910376444e-08
4480,0.0,6.064414748152558e-08
4481,0.0,6.058225210381352e-08
4482,0.0,6.05221259775135e-08
4483,0.0,6.046204958920498e-08
4484,0.0,6.040020394948442e-08
4485,0.0,6.03414846978012e-08
4486,0.0,6.027958932008914e-08
4487,0.0,6.02203726884909e-08
4488,0.0,6.016060183355876e-08
4489,0.0,6.009976516452298e-08
4490,0.0,6.003872954352119e-08
4491,0.0,5.997956264991444e-08
4492,0.0,5.991993390352945e-08
4493,0.0,5.985980777722943e-08
4494,0.0,5.98001363982803e-08
4495,0.0,5.974071370928868e-08
4496,0.0,5.968079364038203e-08
4497,0.0,5.962031224271414e-08
4498,0.0,5.9560989029705524e-08
4499,0.0,5.9501367388747894e-08
4500,0.0,5.944229997112416e-08
4501,0.0,5.93832858442056e-08
4502,0.0,5.932254865115283e-08
4503,0.0,5.926454349491905e-08
4504,0.0,5.920542633930381e-08
4505,0.0,5.914555245567499e-08
4506,0.0,5.9086534776042754e-08
4507,0.0,5.902772315380389e-08
4508,0.0,5.896860599818865e-08
4509,0.0,5.890878185255133e-08
4510,0.0,5.885001641559029e-08
4511,0.0,5.879089925997505e-08
4512,0.0,5.8731377095000425e-08
4513,0.0,5.8674686442827806e-08
4514,0.0,5.8615871267875264e-08
4515,0.0,5.855726215031609e-08
4516,0.0,5.849763695664478e-08
4517,0.0,5.843851980102954e-08
4518,0.0,5.838127492552303e-08
4519,0.0,5.832245975057049e-08
4520,0.0,5.82649590796791e-08
4521,0.0,5.8206246933423245e-08
4522,0.0,5.8148341253172475e-08
4523,0.0,5.808962910691662e-08
4524,0.0,5.803101643664377e-08
4525,0.0,5.7973416289769375e-08
4526,0.0,5.79157131141983e-08
4527,0.0,5.7857100443925447e-08
4528,0.0,5.7799198316388356e-08
4529,0.0,5.774371913958021e-08
4530,0.0,5.768500344061067e-08
4531,0.0,5.7626291294354814e-08
4532,0.0,5.756848864280073e-08
4533,0.0,5.751088849592634e-08
4534,0.0,5.7453942048368845e-08
4535,0.0,5.739543240679268e-08
4536,0.0,5.733924623996245e-08
4537,0.0,5.728134055971168e-08
4538,0.0,5.722343487946091e-08
4539,0.0,5.7167149236647674e-08
4540,0.0,5.710954908977328e-08
4541,0.0,5.705416938894814e-08
4542,0.0,5.699591199004317e-08
4543,0.0,5.69383082904551e-08
4544,0.0,5.688282911364695e-08
4545,0.0,5.682492698610986e-08
4546,0.0,5.676803382925755e-08
4547,0.0,5.671184410971364e-08
4548,0.0,5.665571123358859e-08
4549,0.0,5.659800805801751e-08
4550,0.0,5.65414168818279e-08
4551,0.0,5.64844206962789e-08
4552,0.0,5.642838729613686e-08
4553,0.0,5.637220112930663e-08
4554,0.0,5.631540744843733e-08
4555,0.0,5.62595730002613e-08
4556,0.0,5.6204399356829526e-08
4557,0.0,5.6146593152561763e-08
4558,0.0,5.609222597513508e-08
4559,0.0,5.603396857623011e-08
4560,0.0,5.5979601398803425e-08
4561,0.0,5.592179874724934e-08
4562,0.0,5.586788631717354e-08
4563,0.0,5.5809980636922774e-08
4564,0.0,5.5754856731482505e-08
4565,0.0,5.5699882040016746e-08
4566,0.0,5.564308835914744e-08
4567,0.0,5.558836591035288e-08
4568,0.0,5.553288673354473e-08
4569,0.0,5.5476146343380606e-08
4570,0.0,5.542228365129631e-08
4571,0.0,5.536690395047117e-08
4572,0.0,5.531137503567152e-08
4573,0.0,5.525539137352098e-08
4574,0.0,5.520046642004672e-08
4575,0.0,5.514438328191318e-08
4576,0.0,5.509047085183738e-08
4577,0.0,5.503458666566985e-08
4578,0.0,5.4978855246190506e-08
4579,0.0,5.4924889525409526e-08
4580,0.0,5.4870572085974345e-08
4581,0.0,5.4815803451901957e-08
4582,0.0,5.4760576517765e-08
4583,0.0,5.470418784625508e-08
4584,0.0,5.4650275416179284e-08
4585,0.0,5.4595147958025336e-08
4586,0.0,5.454128526594104e-08
4587,0.0,5.448575635114139e-08
4588,0.0,5.4431389173714706e-08
4589,0.0,5.437747674363891e-08
4590,0.0,5.4323461284866426e-08
4591,0.0,5.426990412615851e-08
4592,0.0,5.4215181677363944e-08
4593,0.0,5.416131898527965e-08
4594,0.0,5.4105889546463004e-08
4595,0.0,5.405157210702782e-08
4596,0.0,5.399771296765721e-08
4597,0.0,5.394379698486773e-08
4598,0.0,5.3889884554791934e-08
4599,0.0,5.383607515341282e-08
4600,0.0,5.378291945135061e-08
4601,0.0,5.3729412030634194e-08
4602,0.0,5.36759010572041e-08
4603,0.0,5.36219388891368e-08
4604,0.0,5.356812593504401e-08
4605,0.0,5.351421350496821e-08
4606,0.0,5.346191755961627e-08
4607,0.0,5.340820763422016e-08
4608,0.0,5.335424546615286e-08
4609,0.0,5.330043251206007e-08
4610,0.0,5.324752905266905e-08
4611,0.0,5.319462914599171e-08
4612,0.0,5.3141523181921e-08
4613,0.0,5.308766048983671e-08
4614,0.0,5.3035364544484764e-08
4615,0.0,5.298185712376835e-08
4616,0.0,5.292794469369255e-08
4617,0.0,5.2875748224323615e-08
4618,0.0,5.2822137774910516e-08
4619,0.0,5.276913483953649e-08
4620,0.0,5.27184056409169e-08
4621,0.0,5.266469571552079e-08
4622,0.0,5.2611792256129775e-08
4623,0.0,5.255919433011513e-08
4624,0.0,5.250710088944288e-08
4625,0.0,5.245419743005186e-08
4626,0.0,5.2400437766664254e-08
4627,0.0,5.235006028669886e-08
4628,0.0,5.229741262269272e-08
4629,0.0,5.22444594253102e-08
4630,0.0,5.219160570391068e-08
4631,0.0,5.213951226323843e-08
4632,0.0,5.208949005464092e-08
4633,0.0,5.203573039125331e-08
4634,0.0,5.198454644528283e-08
4635,0.0,5.193078322918154e-08
4636,0.0,5.188076102058403e-08
4637,0.0,5.182866757991178e-08
4638,0.0,5.1775817411225944e-08
4639,0.0,5.172493544591816e-08
4640,0.0,5.16736982092425e-08
4641,0.0,5.162074856457366e-08
4642,0.0,5.15692093472353e-08
4643,0.0,5.151888515797509e-08
4644,0.0,5.146638670794346e-08
4645,0.0,5.141434300526271e-08
4646,0.0,5.136528002935847e-08
4647,0.0,5.1312227355992945e-08
4648,0.0,5.1260332867286706e-08
4649,0.0,5.121026092069769e-08
4650,0.0,5.1158270508722126e-08
4651,0.0,5.110678102937527e-08
4652,0.0,5.1056353811418376e-08
4653,0.0,5.100385536138674e-08
4654,0.0,5.09543909288368e-08
4655,0.0,5.090280197350694e-08
4656,0.0,5.0853738997602704e-08
4657,0.0,5.080164555693045e-08
4658,0.0,5.0750106339592094e-08
4659,0.0,5.070059216905065e-08
4660,0.0,5.0649102689703795e-08
4661,0.0,5.0598423229075706e-08
4662,0.0,5.054698704043403e-08
4663,0.0,5.049716733651621e-08
4664,0.0,5.0446487875888124e-08
4665,0.0,5.0397023443338185e-08
4666,0.0,5.034553396399133e-08
4667,0.0,5.02956147840905e-08
4668,0.0,5.024453031410303e-08
4669,0.0,5.0194405076808835e-08
4670,0.0,5.0144585372891015e-08
4671,0.0,5.009552594970046e-08
4672,0.0,5.004600822644534e-08
4673,0.0,4.999451874709848e-08
4674,0.0,4.9945459323907926e-08
4675,0.0,4.989482960127134e-08
4676,0.0,4.984536161600772e-08
4677,0.0,4.979468215537963e-08
4678,0.0,4.9744055985456725e-08
4679,0.0,4.969499300955249e-08
4680,0.0,4.964588029565675e-08
4681,0.0,4.959601085374743e-08
4682,0.0,4.9546240887821114e-08
4683,0.0,4.94961689412321e-08
4684,0.0,4.9447105965327864e-08
4685,0.0,4.9397286261410045e-08
4686,0.0,4.934822328550581e-08
4687,0.0,4.929921004759308e-08
4688,0.0,4.9250200362394025e-08
4689,0.0,4.9201187124481294e-08
4690,0.0,4.915131768257197e-08
4691,0.0,4.91033169680577e-08
4692,0.0,4.905349726413988e-08
4693,0.0,4.9004484026227146e-08
4694,0.0,4.8955474341028093e-08
4695,0.0,4.890641136512386e-08
4696,0.0,4.8856843903877234e-08
4697,0.0,4.880939741269685e-08
4698,0.0,4.8759577708779034e-08
4699,0.0,4.871137448958507e-08
4700,0.0,4.86630717944081e-08
4701,0.0,4.861408342549112e-08
4702,0.0,4.8565073740292064e-08
4703,0.0,4.851704460406836e-08
4704,0.0,4.846805978786506e-08
4705,0.0,4.841983169967534e-08
4706,0.0,4.837026423842872e-08
4707,0.0,4.832324762560347e-08
4708,0.0,4.8274362285383177e-08
4709,0.0,4.82263615708689e-08
4710,0.0,4.8176566735946835e-08
4711,0.0,4.813020737515217e-08
4712,0.0,4.808159914659882e-08
4713,0.0,4.80336233010803e-08
4714,0.0,4.7986329576588105e-08
4715,0.0,4.793653474166604e-08
4716,0.0,4.78889639055069e-08
4717,0.0,4.784237717103679e-08
4718,0.0,4.7793694335496184e-08
4719,0.0,4.7745945863653105e-08
4720,0.0,4.769872674614817e-08
4721,0.0,4.764976679894062e-08
4722,0.0,4.7603130326479004e-08
4723,0.0,4.755596094696557e-08
4724,0.0,4.750695126176652e-08
4725,0.0,4.746028992030915e-08
4726,0.0,4.741294290511178e-08
4727,0.0,4.7366206956667156e-08
4728,0.0,4.7318078344460446e-08
4729,0.0,4.7271342396015825e-08
4730,0.0,4.7223391419493055e-08
4731,0.0,4.717531254527785e-08
4732,0.0,4.7129383062838315e-08
4733,0.0,4.7081432086315544e-08
4734,0.0,4.703459310917424e-08
4735,0.0,4.698742728237448e-08
4736,0.0,4.694079080991287e-08
4737,0.0,4.689384880407488e-08
4738,0.0,4.6846707846270874e-08
4739,0.0,4.680007137380926e-08
4740,0.0,4.675371201301459e-08
4741,0.0,4.6706873035873286e-08
4742,0.0,4.665973207806928e-08
4743,0.0,4.661309560560767e-08
4744,0.0,4.6567166123168136e-08
4745,0.0,4.6519922136667446e-08
4746,0.0,4.647318263550915e-08
4747,0.0,4.6426951172406916e-08
4748,0.0,4.638021167124862e-08
4749,0.0,4.633519168351086e-08
4750,0.0,4.6287244259701765e-08
4751,0.0,4.624146399123674e-08
4752,0.0,4.619533200411752e-08
4753,0.0,4.6148695531655903e-08
4754,0.0,4.6103171058575754e-08
4755,0.0,4.605653458611414e-08
4756,0.0,4.6011464860384876e-08
4757,0.0,4.596482838792326e-08
4758,0.0,4.591942825982187e-08
4759,0.0,4.587268875866357e-08
4760,0.0,4.582691204291223e-08
4761,0.0,4.57810322984642e-08
4762,0.0,4.573515255401617e-08
4763,0.0,4.5689755978628455e-08
4764,0.0,4.5644735990890695e-08
4765,0.0,4.55980462277239e-08
4766,0.0,4.555221977398105e-08
4767,0.0,4.550803467395781e-08
4768,0.0,4.546220466750128e-08
4769,0.0,4.541632492305325e-08
4770,0.0,4.537016806693828e-08
4771,0.0,4.5325098341209014e-08
4772,0.0,4.5280078353471254e-08
4773,0.0,4.523427676872416e-08
4774,0.0,4.519001350899998e-08
4775,0.0,4.514443574521465e-08
4776,0.0,4.509944417918632e-08
4777,0.0,4.505442419144856e-08
4778,0.0,4.500942907270655e-08
4779,0.0,4.4963599066250026e-08
4780,0.0,4.491860394750802e-08
4781,0.0,4.487378646444995e-08
4782,0.0,4.482965110241821e-08
4783,0.0,4.478463111468045e-08
4784,0.0,4.473963599593844e-08
4785,0.0,4.4694818512880374e-08
4786,0.0,4.464987313212987e-08
4787,0.0,4.4605283022747244e-08
4788,0.0,4.456107305372825e-08
4789,0.0,4.451633017765744e-08
4790,0.0,4.447216994662995e-08
4791,0.0,4.442717482788794e-08
4792,0.0,4.438238221382562e-08
4793,0.0,4.433822198279813e-08
4794,0.0,4.429408662076639e-08
4795,0.0,4.425050548206855e-08
4796,0.0,4.4206320382045305e-08
4797,0.0,4.4162156598304136e-08
4798,0.0,4.4117417274947e-08
4799,0.0,4.4073278360201584e-08
4800,0.0,4.402954800752923e-08
4801,0.0,4.3984805131458415e-08
4802,0.0,4.394140162844451e-08
4803,0.0,4.3896662305087375e-08
4804,0.0,4.3853688680428604e-08
4805,0.0,4.380975227036288e-08
4806,0.0,4.3766426927049906e-08
4807,0.0,4.3721886555658784e-08
4808,0.0,4.367795369830674e-08
4809,0.0,4.3633818336275e-08
4810,0.0,4.359109695428742e-08
4811,0.0,4.3546986461251436e-08
4812,0.0,4.350305360389939e-08
4813,0.0,4.346033222191181e-08
4814,0.0,4.341781334460393e-08
4815,0.0,4.3373070468533115e-08
4816,0.0,4.33302211888531e-08
4817,0.0,4.3286288331501055e-08
4818,0.0,4.3244174463552554e-08
4819,0.0,4.320024160620051e-08
4820,0.0,4.3157569962204434e-08
4821,0.0,4.3113434600172695e-08
4822,0.0,4.3071523236903886e-08
4823,0.0,4.302743761286365e-08
4824,0.0,4.2984360959508194e-08
4825,0.0,4.294166799923005e-08
4826,0.0,4.28983391032034e-08
4827,0.0,4.2855667459207325e-08
4828,0.0,4.281380583393002e-08
4829,0.0,4.276987297657797e-08
4830,0.0,4.272778397762522e-08
4831,0.0,4.268476061497495e-08
4832,0.0,4.264203923298737e-08
4833,0.0,4.259957009367099e-08
4834,0.0,4.255611685266558e-08
4835,0.0,4.251501195540186e-08
4836,0.0,4.2471988592751586e-08
4837,0.0,4.2428485613754674e-08
4838,0.0,4.238682294044338e-08
4839,0.0,4.2344154849160986e-08
4840,0.0,4.230231809287943e-08
4841,0.0,4.2259241439523976e-08
4842,0.0,4.221740468324242e-08
4843,0.0,4.2174534087280335e-08
4844,0.0,4.213390880636325e-08
4845,0.0,4.209129045307236e-08
4846,0.0,4.2048569071084785e-08
4847,0.0,4.2006782052794733e-08
4848,0.0,4.196449054916229e-08
4849,0.0,4.192267866187649e-08
4850,0.0,4.18816519243137e-08
4851,0.0,4.1839786746322716e-08
4852,0.0,4.1797548533395457e-08
4853,0.0,4.175553414142996e-08
4854,0.0,4.171294065713482e-08
4855,0.0,4.16718357598711e-08
4856,0.0,4.163045375094043e-08
4857,0.0,4.1587856713931615e-08
4858,0.0,4.154640009801369e-08
4859,0.0,4.150496835109152e-08
4860,0.0,4.1463991351520235e-08
4861,0.0,4.1421724716883546e-08
4862,0.0,4.138195919267673e-08
4863,0.0,4.134017217438668e-08
4864,0.0,4.1298992670135704e-08
4865,0.0,4.12571310448584e-08
4866,0.0,4.121610075458193e-08
4867,0.0,4.1173912279646174e-08
4868,0.0,4.1133336736720594e-08
4869,0.0,4.109233486815356e-08
4870,0.0,4.1050903121231386e-08
4871,0.0,4.101073258766519e-08
4872,0.0,4.096894556937514e-08
4873,0.0,4.0928373579163235e-08
4874,0.0,4.0886789065552875e-08
4875,0.0,4.084661853198668e-08
4876,0.0,4.080564153241539e-08
4877,0.0,4.076504467320774e-08
4878,0.0,4.0723207916926185e-08
4879,0.0,4.068409964474995e-08
4880,0.0,4.06423126264599e-08
4881,0.0,4.060173708353432e-08
4882,0.0,4.056076008396303e-08
4883,0.0,4.052099455975622e-08
4884,0.0,4.0480220064864625e-08
4885,0.0,4.044045454065781e-08
4886,0.0,4.039872081307294e-08
4887,0.0,4.035880252217794e-08
4888,0.0,4.0319061866966877e-08
4889,0.0,4.027767985803621e-08
4890,0.0,4.0237967624534576e-08
4891,0.0,4.019759458628869e-08
4892,0.0,4.0157022596076786e-08
4893,0.0,4.011771181922086e-08
4894,0.0,4.007653231496988e-08
4895,0.0,4.003676679076307e-08
4896,0.0,3.99973281162147e-08
4897,0.0,3.99567561260028e-08
4898,0.0,3.991739561115537e-08
4899,0.0,3.987747732026037e-08
4900,0.0,3.983814167440869e-08
4901,0.0,3.97974666555001e-08
4902,0.0,3.975810614065267e-08
4903,0.0,3.971753415044077e-08
4904,0.0,3.967885575661967e-08
4905,0.0,3.9638734961044975e-08
4906,0.0,3.959882022286365e-08
4907,0.0,3.9559886033657676e-08
4908,0.0,3.952042604282724e-08
4909,0.0,3.9479449043255954e-08
4910,0.0,3.9440767096721174e-08
4911,0.0,3.940150961057043e-08
4912,0.0,3.936237646939844e-08
4913,0.0,3.932266068318313e-08
4914,0.0,3.928314740164751e-08
4915,0.0,3.924426650314672e-08
4916,0.0,3.920480651231628e-08
4917,0.0,3.916486335242553e-08
4918,0.0,3.9126007322920486e-08
4919,0.0,3.908692391974e-08
4920,0.0,3.904801815224346e-08
4921,0.0,3.9009339758422357e-08
4922,0.0,3.8970636495605504e-08
4923,0.0,3.893054056902656e-08
4924,0.0,3.8892292053560595e-08
4925,0.0,3.885300614570042e-08
4926,0.0,3.88143810425845e-08
4927,0.0,3.877607923641335e-08
4928,0.0,3.873719833791256e-08
4929,0.0,3.8698114934732075e-08
4930,0.0,3.865986641926611e-08
4931,0.0,3.8620630249397436e-08
4932,0.0,3.858235686493572e-08
4933,0.0,3.854370334011037e-08
4934,0.0,3.850502494628927e-08
4935,0.0,3.846659879513936e-08
4936,0.0,3.8427490522963126e-08
4937,0.0,3.838961859514711e-08
4938,0.0,3.8350993492031193e-08
4939,0.0,3.8312162331521904e-08
4940,0.0,3.8274720282061026e-08
4941,0.0,3.8236041888239924e-08
4942,0.0,3.81986247077748e-08
4943,0.0,3.815999960465888e-08
4944,0.0,3.812157345350897e-08
4945,0.0,3.8083296516333576e-08
4946,0.0,3.8045858019586376e-08
4947,0.0,3.8007684111107665e-08
4948,0.0,3.7969861921283155e-08
4949,0.0,3.793163827481294e-08
4950,0.0,3.7893414628342725e-08
4951,0.0,3.7855745205206404e-08
4952,0.0,3.781792656809557e-08
4953,0.0,3.778010793098474e-08
4954,0.0,3.7741884284514526e-08
4955,0.0,3.77045168420409e-08
4956,0.0,3.7667103214289455e-08
4957,0.0,3.762887956781924e-08
4958,0.0,3.759105737799473e-08
4959,0.0,3.755450350695355e-08
4960,0.0,3.751668131712904e-08
4961,0.0,3.747845767065883e-08
4962,0.0,3.7441850508912466e-08
4963,0.0,3.7403676600433755e-08
4964,0.0,3.736666442932801e-08
4965,0.0,3.7329250801576563e-08
4966,0.0,3.7291481902457235e-08
4967,0.0,3.725527975007026e-08
4968,0.0,3.721667596323641e-08
4969,0.0,3.717971353012217e-08
4970,0.0,3.714270135901643e-08
4971,0.0,3.7105742478615866e-08
4972,0.0,3.706873030751012e-08
4973,0.0,3.7031341548754426e-08
4974,0.0,3.6994379115640186e-08
4975,0.0,3.6957420235239624e-08
4976,0.0,3.692025529744569e-08
4977,0.0,3.6884078014054467e-08
4978,0.0,3.6847115580940226e-08
4979,0.0,3.681010696254816e-08
4980,0.0,3.677314452943392e-08
4981,0.0,3.673621051802911e-08
4982,0.0,3.669884307555549e-08
4983,0.0,3.666329817519909e-08
4984,0.0,3.6626310873089096e-08
4985,0.0,3.658940173068004e-08
4986,0.0,3.655319957829306e-08
4987,0.0,3.651586055752887e-08
4988,0.0,3.648036184245029e-08
4989,0.0,3.644337809305398e-08
4990,0.0,3.640682066929912e-08
4991,0.0,3.637114787125029e-08
4992,0.0,3.6334338204824235e-08
4993,0.0,3.629818579042876e-08
4994,0.0,3.626170652637484e-08
4995,0.0,3.6224694355269094e-08
4996,0.0,3.6189174323908446e-08
4997,0.0,3.615347665686386e-08
4998,0.0,3.611694410210475e-08
4999,0.0,3.608147380873561e-08
5000,0.0,3.6044461637629865e-08
5001,0.0,3.600793263558444e-08
5002,0.0,3.597243747321954e-08
5003,0.0,3.593711639382491e-08
5004,0.0,3.590020725141585e-08
5005,0.0,3.586508867670091e-08
5006,0.0,3.5828964684014863e-08
5007,0.0,3.579361873562448e-08
5008,0.0,3.5757341976250245e-08
5009,0.0,3.572166917820141e-08
5010,0.0,3.568612072513133e-08
5011,0.0,3.565085293644188e-08
5012,0.0,3.561513040040154e-08
5013,0.0,3.557923022867726e-08
5014,0.0,3.554310268327754e-08
5015,0.0,3.550803739926778e-08
5016,0.0,3.5472769610578325e-08
5017,0.0,3.543681970086254e-08
5018,0.0,3.5401956921532474e-08
5019,0.0,3.536648662816333e-08
5020,0.0,3.533035908276361e-08
5021,0.0,3.529488878939446e-08
5022,0.0,3.525959257899558e-08
5023,0.0,3.5224477556994316e-08
5024,0.0,3.518920976830486e-08
5025,0.0,3.515459923164599e-08
5026,0.0,3.5119278152251354e-08
5027,0.0,3.508421286824159e-08
5028,0.0,3.504894507955214e-08
5029,0.0,3.501385492654663e-08
5030,0.0,3.497898859450288e-08
5031,0.0,3.494392331049312e-08
5032,0.0,3.4909160007146056e-08
5033,0.0,3.4874094723136295e-08
5034,0.0,3.483892641042985e-08
5035,0.0,3.480461785443367e-08
5036,0.0,3.47694033564494e-08
5037,0.0,3.4734739529085346e-08
5038,0.0,3.4700381235097666e-08
5039,0.0,3.46652662130964e-08
5040,0.0,3.463050290974934e-08
5041,0.0,3.4596244091744666e-08
5042,0.0,3.4561530526389106e-08
5043,0.0,3.4526465242379345e-08
5044,0.0,3.44925368267468e-08
5045,0.0,3.445701679538615e-08
5046,0.0,3.442275797738148e-08
5047,0.0,3.438925944010407e-08
5048,0.0,3.435454587474851e-08
5049,0.0,3.432039008544052e-08
5050,0.0,3.428577954878165e-08
5051,0.0,3.425164507575573e-08
5052,0.0,3.421728678176805e-08
5053,0.0,3.418394101117883e-08
5054,0.0,3.414932692180628e-08
5055,0.0,3.41143646664932e-08
5056,0.0,3.4080382960155475e-08
5057,0.0,3.404683468488656e-08
5058,0.0,3.4012828109553084e-08
5059,0.0,3.39787717962281e-08
5060,0.0,3.3944491661941356e-08
5061,0.0,3.391048508660788e-08
5062,0.0,3.387663127796259e-08
5063,0.0,3.384338498335637e-08
5064,0.0,3.3809556043706834e-08
5065,0.0,3.377474300236827e-08
5066,0.0,3.374215395979263e-08
5067,0.0,3.370721302076163e-08
5068,0.0,3.367340895010784e-08
5069,0.0,3.364109701919915e-08
5070,0.0,3.360643674454877e-08
5071,0.0,3.357283517857468e-08
5072,0.0,3.353986599563541e-08
5073,0.0,3.3505759944318925e-08
5074,0.0,3.347198074266089e-08
5075,0.0,3.343939170008525e-08
5076,0.0,3.340581500310691e-08
5077,0.0,3.337160947580742e-08
5078,0.0,3.333864029286815e-08
5079,0.0,3.330564624093313e-08
5080,0.0,3.327252429130567e-08
5081,0.0,3.323912523001127e-08
5082,0.0,3.320534958106691e-08
5083,0.0,3.317235552913189e-08
5084,0.0,3.313877883215355e-08
5085,0.0,3.310618978957791e-08
5086,0.0,3.307286533527076e-08
5087,0.0,3.304068130205451e-08
5088,0.0,3.300614537238289e-08
5089,0.0,3.297398265544871e-08
5090,0.0,3.29404841181713e-08
5091,0.0,3.29083746919423e-08
5092,0.0,3.2874595490284264e-08
5093,0.0,3.2842461195059514e-08
5094,0.0,3.280908700276086e-08
5095,0.0,3.277707705251487e-08
5096,0.0,3.2743677991220466e-08
5097,0.0,3.2711163555632083e-08
5098,0.0,3.2678194372692815e-08
5099,0.0,3.2645758096805366e-08
5100,0.0,3.2613595379871185e-08
5101,0.0,3.2580274478277715e-08
5102,0.0,3.254776004268933e-08
5103,0.0,3.25152704760967e-08
5104,0.0,3.248295854518801e-08
5105,0.0,3.245008883823175e-08
5106,0.0,3.241797941200275e-08
5107,0.0,3.2385415238422866e-08
5108,0.0,3.235302514781324e-08
5109,0.0,3.232051071222486e-08
5110,0.0,3.228824851930767e-08
5111,0.0,3.2256544102438056e-08
5112,0.0,3.2224534152192064e-08
5113,0.0,3.21916147072443e-08
5114,0.0,3.215940580503229e-08
5115,0.0,3.2127292826089615e-08
5116,0.0,3.2094831681206415e-08
5117,0.0,3.206350385198675e-08
5118,0.0,3.203134113505257e-08
5119,0.0,3.199882669946419e-08
5120,0.0,3.196636555458099e-08
5121,0.0,3.193460784700619e-08
5122,0.0,3.1902903430136575e-08
5123,0.0,3.1871095984570275e-08
5124,0.0,3.183908603432428e-08
5125,0.0,3.1807179112774975e-08
5126,0.0,3.1775574171888366e-08
5127,0.0,3.1743613959633876e-08
5128,0.0,3.171170703808457e-08
5129,0.0,3.1680503553843664e-08
5130,0.0,3.1648724529986794e-08
5131,0.0,3.161691708442049e-08
5132,0.0,3.158526240554238e-08
5133,0.0,3.155345495997608e-08
5134,0.0,3.1521899757080973e-08
5135,0.0,3.149090233023344e-08
5136,0.0,3.145894211797895e-08
5137,0.0,3.142834614777712e-08
5138,0.0,3.1396591992916e-08
5139,0.0,3.136445414497757e-08
5140,0.0,3.133350645612154e-08
5141,0.0,3.130169901055524e-08
5142,0.0,3.127054881701952e-08
5143,0.0,3.123955139017198e-08
5144,0.0,3.12086285703117e-08
5145,0.0,3.1177226134104785e-08
5146,0.0,3.114607594056906e-08
5147,0.0,3.111512825171303e-08
5148,0.0,3.108415569386125e-08
5149,0.0,3.105239798628645e-08
5150,0.0,3.102180201608462e-08
5151,0.0,3.09903001038947e-08
5152,0.0,3.09597822933938e-08
5153,0.0,3.092888434252927e-08
5154,0.0,3.089793665367324e-08
5155,0.0,3.086701383381296e-08
5156,0.0,3.083566113559755e-08
5157,0.0,3.080549504375085e-08
5158,0.0,3.077454735489482e-08
5159,0.0,3.074329768537609e-08
5160,0.0,3.071277632216152e-08
5161,0.0,3.0681828633305486e-08
5162,0.0,3.065169096316822e-08
5163,0.0,3.062076814330794e-08
5164,0.0,3.059072994915368e-08
5165,0.0,3.055935238194252e-08
5166,0.0,3.052926089708308e-08
5167,0.0,3.049884256256519e-08
5168,0.0,3.0467894873709156e-08
5169,0.0,3.0436972053848876e-08
5170,0.0,3.0407388607045505e-08
5171,0.0,3.0376821058553105e-08
5172,0.0,3.0346075874376766e-08
5173,0.0,3.0315657539858876e-08
5174,0.0,3.0285566054999435e-08
5175,0.0,3.025555272984093e-08
5176,0.0,3.0225415059703664e-08
5177,0.0,3.0194843958497586e-08
5178,0.0,3.016432614799669e-08
5179,0.0,3.013428795384243e-08
5180,0.0,3.0104629900051805e-08
5181,0.0,3.0074389201217855e-08
5182,0.0,3.0044677856722046e-08
5183,0.0,3.001471426955504e-08
5184,0.0,2.9983969085378703e-08
5185,0.0,2.9953550750860813e-08
5186,0.0,2.992389269707019e-08
5187,0.0,2.989405700759562e-08
5188,0.0,2.986409342042862e-08
5189,0.0,2.9834179571253117e-08
5190,0.0,2.9804596124449745e-08
5191,0.0,2.977498780865062e-08
5192,0.0,2.974507573583196e-08
5193,0.0,2.971516188665646e-08
5194,0.0,2.9685731206541277e-08
5195,0.0,2.9655666367034428e-08
5196,0.0,2.9626258779558157e-08
5197,0.0,2.9596700201750537e-08
5198,0.0,2.956686451227597e-08
5199,0.0,2.9537204682128504e-08
5200,0.0,2.9507848609000575e-08
5201,0.0,2.9478492535872647e-08
5202,0.0,2.9448933958065027e-08
5203,0.0,2.941909649223362e-08
5204,0.0,2.9389488176434497e-08
5205,0.0,2.9360888831320153e-08
5206,0.0,2.9331532758192225e-08
5207,0.0,2.9302327675395645e-08
5208,0.0,2.927302134025922e-08
5209,0.0,2.924366526713129e-08
5210,0.0,2.921425767965502e-08
5211,0.0,2.9184295868844856e-08
5212,0.0,2.915620278542974e-08
5213,0.0,2.912677032895772e-08
5214,0.0,2.9097211751150098e-08
5215,0.0,2.9068310425373056e-08
5216,0.0,2.9039307847256168e-08
5217,0.0,2.901080975448167e-08
5218,0.0,2.898145368135374e-08
5219,0.0,2.8952451103236854e-08
5220,0.0,2.892334727278012e-08
5221,0.0,2.8893989423295352e-08
5222,0.0,2.8865896339880237e-08
5223,0.0,2.883689376176335e-08
5224,0.0,2.880753768863542e-08
5225,0.0,2.8779469474216057e-08
5226,0.0,2.8750214653427975e-08
5227,0.0,2.8720856803943207e-08
5228,0.0,2.8693522224898516e-08
5229,0.0,2.866421588976209e-08
5230,0.0,2.8635264825993545e-08
5231,0.0,2.8606867985558893e-08
5232,0.0,2.8578723387795435e-08
5233,0.0,2.8549367314667506e-08
5234,0.0,2.8521299100248143e-08
5235,0.0,2.8492447512462604e-08
5236,0.0,2.8464759438406873e-08
5237,0.0,2.8435403365278944e-08
5238,0.0,2.840700652484429e-08
5239,0.0,2.8378861927080834e-08
5240,0.0,2.8349985470299544e-08
5241,0.0,2.8322144629555623e-08
5242,0.0,2.8293596798789622e-08
5243,0.0,2.826590872473389e-08
5244,0.0,2.8237133520292446e-08
5245,0.0,2.820939393188837e-08
5246,0.0,2.8180389577414644e-08
5247,0.0,2.8152701503358912e-08
5248,0.0,2.8124279793928508e-08
5249,0.0,2.8096186710513393e-08
5250,0.0,2.8067992374758433e-08
5251,0.0,2.8040327393341613e-08
5252,0.0,2.8011880814915457e-08
5253,0.0,2.7983787731500342e-08
5254,0.0,2.7956023274100517e-08
5255,0.0,2.7928333423687945e-08
5256,0.0,2.7900291854621173e-08
5257,0.0,2.7872021135522118e-08
5258,0.0,2.7844432537449393e-08
5259,0.0,2.7817350201075897e-08
5260,0.0,2.778822150162341e-08
5261,0.0,2.7760986398561727e-08
5262,0.0,2.7733120688822055e-08
5263,0.0,2.7705128857746786e-08
5264,0.0,2.7678172642708887e-08
5265,0.0,2.764967454993439e-08
5266,0.0,2.7622315101893946e-08
5267,0.0,2.759472650382122e-08
5268,0.0,2.7567795157779074e-08
5269,0.0,2.7539272196008824e-08
5270,0.0,2.7512291111975173e-08
5271,0.0,2.74847273828982e-08
5272,0.0,2.7456938056502622e-08
5273,0.0,2.7429475579765494e-08
5274,0.0,2.7401963365036863e-08
5275,0.0,2.7374982281003213e-08
5276,0.0,2.7347823561285622e-08
5277,0.0,2.7320034234890045e-08
5278,0.0,2.729262327250126e-08
5279,0.0,2.7265034674428534e-08
5280,0.0,2.7238078459390636e-08
5281,0.0,2.7211122244352737e-08
5282,0.0,2.718318015126897e-08
5283,0.0,2.7156223936231072e-08
5284,0.0,2.7128837842838038e-08
5285,0.0,2.7102336375151026e-08
5286,0.0,2.707522739342494e-08
5287,0.0,2.704824630939129e-08
5288,0.0,2.7021339832344893e-08
5289,0.0,2.6994788626666377e-08
5290,0.0,2.696699752391396e-08
5291,0.0,2.6939890318544712e-08
5292,0.0,2.6912934103506814e-08
5293,0.0,2.6885977888468915e-08
5294,0.0,2.6859501289777654e-08
5295,0.0,2.6832545074739755e-08
5296,0.0,2.680563859769336e-08
5297,0.0,2.6779060746662253e-08
5298,0.0,2.6751902026944663e-08
5299,0.0,2.672555332594584e-08
5300,0.0,2.66985953345511e-08
5301,0.0,2.6671690633861544e-08
5302,0.0,2.6645112782830438e-08
5303,0.0,2.6618206305784042e-08
5304,0.0,2.659170483809703e-08
5305,0.0,2.6565304622749863e-08
5306,0.0,2.653875164071451e-08
5307,0.0,2.651230168737584e-08
5308,0.0,2.648531882698535e-08
5309,0.0,2.6458918611638182e-08
5310,0.0,2.6433175648321594e-08
5311,0.0,2.6406521413946393e-08
5312,0.0,2.638037344127042e-08
5313,0.0,2.6354024740271598e-08
5314,0.0,2.6327471758236243e-08
5315,0.0,2.6300565281189847e-08
5316,0.0,2.627416506584268e-08
5317,0.0,2.624804196216246e-08
5318,0.0,2.6222551241517067e-08
5319,0.0,2.61961510261699e-08
5320,0.0,2.6169244549123505e-08
5321,0.0,2.6143677445134017e-08
5322,0.0,2.611674609909187e-08
5323,0.0,2.6090877014439684e-08
5324,0.0,2.6065285041454445e-08
5325,0.0,2.6039161937774224e-08
5326,0.0,2.601278659142281e-08
5327,0.0,2.598686599242228e-08
5328,0.0,2.5961323757428545e-08
5329,0.0,2.593479742074578e-08
5330,0.0,2.5909054457429193e-08
5331,0.0,2.5882956222744724e-08
5332,0.0,2.585779412811462e-08
5333,0.0,2.5831594641090305e-08
5334,0.0,2.5805523051758428e-08
5335,0.0,2.577998081676469e-08
5336,0.0,2.5754060217764163e-08
5337,0.0,2.5728114749767883e-08
5338,0.0,2.5702698636109744e-08
5339,0.0,2.5677056925133e-08
5340,0.0,2.565088408346128e-08
5341,0.0,2.5626023969493872e-08
5342,0.0,2.5600254360824692e-08
5343,0.0,2.5573854145477526e-08
5344,0.0,2.5548919424522865e-08
5345,0.0,2.552325106819353e-08
5346,0.0,2.5497886468883735e-08
5347,0.0,2.547234423389e-08
5348,0.0,2.5446475149237813e-08
5349,0.0,2.5421286409255117e-08
5350,0.0,2.539554344593853e-08
5351,0.0,2.5370406220304176e-08
5352,0.0,2.534506648999013e-08
5353,0.0,2.531997900234728e-08
5354,0.0,2.5294436767353545e-08
5355,0.0,2.5269502046398884e-08
5356,0.0,2.5243707568733953e-08
5357,0.0,2.5218975352458983e-08
5358,0.0,2.519366049114069e-08
5359,0.0,2.5168624517846183e-08
5360,0.0,2.5142677273493064e-08
5361,0.0,2.511807117855369e-08
5362,0.0,2.5092353084232855e-08
5363,0.0,2.5067619091601046e-08
5364,0.0,2.5042306006639592e-08
5365,0.0,2.5017774518687474e-08
5366,0.0,2.4992838021375974e-08
5367,0.0,2.4967473422066178e-08
5368,0.0,2.4943144438793752e-08
5369,0.0,2.491820971783909e-08
5370,0.0,2.489329986588018e-08
5371,0.0,2.4867960135566136e-08
5372,0.0,2.4842645274247843e-08
5373,0.0,2.4818115562652565e-08
5374,0.0,2.4793381570020756e-08
5375,0.0,2.4768496587057598e-08
5376,0.0,2.4743510351754594e-08
5377,0.0,2.4719005509155068e-08
5378,0.0,2.4694069011843567e-08
5379,0.0,2.4669665421583886e-08
5380,0.0,2.464513393363177e-08
5381,0.0,2.462024895066861e-08
5382,0.0,2.4596122472075876e-08
5383,0.0,2.4571212620116967e-08
5384,0.0,2.454668113216485e-08
5385,0.0,2.452230241090092e-08
5386,0.0,2.4497770922948803e-08
5387,0.0,2.4472861070989893e-08
5388,0.0,2.444875946139291e-08
5389,0.0,2.4424304356784887e-08
5390,0.0,2.4399898990168367e-08
5391,0.0,2.437536750221625e-08
5392,0.0,2.4350887528612475e-08
5393,0.0,2.432646972749808e-08
5394,0.0,2.430197731939643e-08
5395,0.0,2.4278469012983805e-08
5396,0.0,2.4253584030020647e-08
5397,0.0,2.4229571238265635e-08
5398,0.0,2.4205052184811393e-08
5399,0.0,2.418101452406063e-08
5400,0.0,2.415660915744411e-08
5401,0.0,2.4132722487024694e-08
5402,0.0,2.4108304685910298e-08
5403,0.0,2.408463295466845e-08
5404,0.0,2.406013877020996e-08
5405,0.0,2.4036189927301166e-08
5406,0.0,2.401230325688175e-08
5407,0.0,2.3987885455767355e-08
5408,0.0,2.3963808715166124e-08
5409,0.0,2.3940023297086555e-08
5410,0.0,2.391637643484046e-08
5411,0.0,2.3892388512081197e-08
5412,0.0,2.386871678083935e-08
5413,0.0,2.3844501484404645e-08
5414,0.0,2.38208794911543e-08
5415,0.0,2.3797497306077275e-08
5416,0.0,2.37730173324735e-08
5417,0.0,2.3749066713207867e-08
5418,0.0,2.372598828515038e-08
5419,0.0,2.3702012796888994e-08
5420,0.0,2.3678291327655643e-08
5421,0.0,2.3654202152556536e-08
5422,0.0,2.3631010037661326e-08
5423,0.0,2.3607286792071136e-08
5424,0.0,2.3583602626331412e-08
5425,0.0,2.355982964274972e-08
5426,0.0,2.3536207649499374e-08
5427,0.0,2.3512837898920225e-08
5428,0.0,2.3489709732871233e-08
5429,0.0,2.346593674928954e-08
5430,0.0,2.3442668251050236e-08
5431,0.0,2.3418945005460046e-08
5432,0.0,2.3395374526558044e-08
5433,0.0,2.337234583649206e-08
5434,0.0,2.334897786226975e-08
5435,0.0,2.3325862130718633e-08
5436,0.0,2.33020873707801e-08
5437,0.0,2.327892190123748e-08
5438,0.0,2.3255097403307445e-08
5439,0.0,2.323213266208768e-08
5440,0.0,2.3209420163539107e-08
5441,0.0,2.3186052189316797e-08
5442,0.0,2.3163137186088534e-08
5443,0.0,2.314004632353317e-08
5444,0.0,2.311617208761163e-08
5445,0.0,2.309366209374275e-08
5446,0.0,2.307009161484075e-08
5447,0.0,2.3047176611612485e-08
5448,0.0,2.3023833506385927e-08
5449,0.0,2.3001323512517047e-08
5450,0.0,2.297734802425566e-08
5451,0.0,2.2954850464884657e-08
5452,0.0,2.2932340471015777e-08
5453,0.0,2.2909400598791763e-08
5454,0.0,2.2886082362560956e-08
5455,0.0,2.2863369864012384e-08
5456,0.0,2.2840444202643084e-08
5457,0.0,2.2817909339778453e-08
5458,0.0,2.279501920554594e-08
5459,0.0,2.2771676100319382e-08
5460,0.0,2.2749153671952627e-08
5461,0.0,2.2726668547079498e-08
5462,0.0,2.2703526170175792e-08
5463,0.0,2.268105525615738e-08
5464,0.0,2.265892362629529e-08
5465,0.0,2.2635605390064484e-08
5466,0.0,2.2612704597690936e-08
5467,0.0,2.2590194603822056e-08
5468,0.0,2.2568189095295565e-08
5469,0.0,2.2545288302922017e-08
5470,0.0,2.252318154205568e-08
5471,0.0,2.2500280749682133e-08
5472,0.0,2.2477770755813253e-08
5473,0.0,2.245527319644225e-08
5474,0.0,2.2432889323908967e-08
5475,0.0,2.2410770128544755e-08
5476,0.0,2.2388286780028466e-08
5477,0.0,2.2366217322655757e-08
5478,0.0,2.2343682459791125e-08
5479,0.0,2.2320907788753175e-08
5480,0.0,2.2298840107737306e-08
5481,0.0,2.2276505973195526e-08
5482,0.0,2.2254539544519503e-08
5483,0.0,2.223206685414425e-08
5484,0.0,2.2209961869634753e-08
5485,0.0,2.2187869319623132e-08
5486,0.0,2.2165497881587726e-08
5487,0.0,2.214341776607398e-08
5488,0.0,2.2120742571019036e-08
5489,0.0,2.209875127334726e-08
5490,0.0,2.207624127947838e-08
5491,0.0,2.2054274850802358e-08
5492,0.0,2.203220539342965e-08
5493,0.0,2.2009936984090928e-08
5494,0.0,2.1988373788417448e-08
5495,0.0,2.1966696905906247e-08
5496,0.0,2.194432546787084e-08
5497,0.0,2.192243542253891e-08
5498,0.0,2.1900468993862887e-08
5499,0.0,2.1878401312847018e-08
5500,0.0,2.1856534360154e-08
5501,0.0,2.183494629548477e-08
5502,0.0,2.1813308492824035e-08
5503,0.0,2.1791544568827703e-08
5504,0.0,2.1769501756807585e-08
5505,0.0,2.1747938561134106e-08
5506,0.0,2.1726577870140318e-08
5507,0.0,2.1704105179765065e-08
5508,0.0,2.1682543760448425e-08
5509,0.0,2.1660676807755408e-08
5510,0.0,2.1639115388438768e-08
5511,0.0,2.1617653445105134e-08
5512,0.0,2.1596116894784245e-08
5513,0.0,2.1574351194431074e-08
5514,0.0,2.155271339177034e-08
5515,0.0,2.153135270077655e-08
5516,0.0,2.1509386272100528e-08
5517,0.0,2.1488164136940213e-08
5518,0.0,2.1466828314942177e-08
5519,0.0,2.144516564328569e-08
5520,0.0,2.1423829821287654e-08
5521,0.0,2.1402469130293866e-08
5522,0.0,2.138175325683278e-08
5523,0.0,2.1359912949492355e-08
5524,0.0,2.1338349753818875e-08
5525,0.0,2.1316989062825087e-08
5526,0.0,2.1295793573017363e-08
5527,0.0,2.1274432882023575e-08
5528,0.0,2.125312370537813e-08
5529,0.0,2.1231572944202526e-08
5530,0.0,2.1211020495570665e-08
5531,0.0,2.1189004328903138e-08
5532,0.0,2.116805930540977e-08
5533,0.0,2.1147153361766868e-08
5534,0.0,2.1125995175452772e-08
5535,0.0,2.1104268554950067e-08
5536,0.0,2.108376762066655e-08
5537,0.0,2.10621156071511e-08
5538,0.0,2.104161467286758e-08
5539,0.0,2.1020671425731052e-08
5540,0.0,2.099976548208815e-08
5541,0.0,2.097826623526089e-08
5542,0.0,2.0957310553626485e-08
5543,0.0,2.0936012035122076e-08
5544,0.0,2.091588946484535e-08
5545,0.0,2.0894365349022337e-08
5546,0.0,2.0873850203884103e-08
5547,0.0,2.085294603659804e-08
5548,0.0,2.0832329639119962e-08
5549,0.0,2.0811196321801617e-08
5550,0.0,2.0790505317336283e-08
5551,0.0,2.0769411079868405e-08
5552,0.0,2.0749086004911987e-08
5553,0.0,2.072796512209152e-08
5554,0.0,2.0707476622305876e-08
5555,0.0,2.0686874435682512e-08
5556,0.0,2.0666158562221426e-08
5557,0.0,2.06452650530764e-08
5558,0.0,2.062497728161361e-08
5559,0.0,2.0603668104968165e-08
5560,0.0,2.058315295982993e-08
5561,0.0,2.0562437086368845e-08
5562,0.0,2.0542353595942586e-08
5563,0.0,2.0522065824479796e-08
5564,0.0,2.0500957376157203e-08
5565,0.0,2.048046887637156e-08
5566,0.0,2.0460056759930012e-08
5567,0.0,2.0439768988467222e-08
5568,0.0,2.041928048868158e-08
5569,0.0,2.0398791988895937e-08
5570,0.0,2.0378328358106046e-08
5571,0.0,2.0358040586643256e-08
5572,0.0,2.0338058348556842e-08
5573,0.0,2.0317164839411817e-08
5574,0.0,2.0296877067949026e-08
5575,0.0,2.0276793577522767e-08
5576,0.0,2.0256607058399823e-08
5577,0.0,2.0236321063293872e-08
5578,0.0,2.0216058160826833e-08
5579,0.0,2.01953671563615e-08
5580,0.0,2.017578815127763e-08
5581,0.0,2.015550215617168e-08
5582,0.0,2.013524103006148e-08
5583,0.0,2.0115257015618226e-08
5584,0.0,2.0095171748835128e-08
5585,0.0,2.007491062272493e-08
5586,0.0,2.0054963911775303e-08
5587,0.0,2.003447541198966e-08
5588,0.0,2.0014592649886254e-08
5589,0.0,1.9995038513798136e-08
5590,0.0,1.99743475093328e-08
5591,0.0,1.995471876625743e-08
5592,0.0,1.9935152195671435e-08
5593,0.0,1.9915066928888336e-08
5594,0.0,1.9895107783440835e-08
5595,0.0,1.9875024293014576e-08
5596,0.0,1.9855507460420085e-08
5597,0.0,1.983562469831668e-08
5598,0.0,1.9815161067526788e-08
5599,0.0,1.9795821870616237e-08
5600,0.0,1.977576324918573e-08
5601,0.0,1.975618246774502e-08
5602,0.0,1.9736768663847215e-08
5603,0.0,1.9716784649403962e-08
5604,0.0,1.969673668611449e-08
5605,0.0,1.9677385054706065e-08
5606,0.0,1.96577296662781e-08
5607,0.0,1.9637987236365007e-08
5608,0.0,1.9618230595597197e-08
5609,0.0,1.95987901463468e-08
5610,0.0,1.9579058374574743e-08
5611,0.0,1.9559390551648903e-08
5612,0.0,1.9540063789236228e-08
5613,0.0,1.9520017602303597e-08
5614,0.0,1.950066597089517e-08
5615,0.0,1.948132677398462e-08
5616,0.0,1.9461696254552407e-08
5617,0.0,1.944255956232155e-08
5618,0.0,1.9423017860731306e-08
5619,0.0,1.9403564976983034e-08
5620,0.0,1.9384453153747927e-08
5621,0.0,1.936509974598266e-08
5622,0.0,1.934507842804578e-08
5623,0.0,1.9325941735814922e-08
5624,0.0,1.9306590104406496e-08
5625,0.0,1.928717452415185e-08
5626,0.0,1.9268037831920992e-08
5627,0.0,1.9248508564828626e-08
5628,0.0,1.9229799974596062e-08
5629,0.0,1.9210157020665974e-08
5630,0.0,1.919124770211056e-08
5631,0.0,1.9171920939697884e-08
5632,0.0,1.915301162114247e-08
5633,0.0,1.9133773676571764e-08
5634,0.0,1.9114660076979817e-08
5635,0.0,1.9095347525421857e-08
5636,0.0,1.9076020763009183e-08
5637,0.0,1.9057084799101176e-08
5638,0.0,1.903817548054576e-08
5639,0.0,1.901936563797335e-08
5640,0.0,1.9000253814738244e-08
5641,0.0,1.8981141991503137e-08
5642,0.0,1.8961802794592586e-08
5643,0.0,1.8943081769862147e-08
5644,0.0,1.8924575684309275e-08
5645,0.0,1.8905085497067375e-08
5646,0.0,1.888617617851196e-08
5647,0.0,1.886736633593955e-08
5648,0.0,1.884886025038668e-08
5649,0.0,1.8829950931831263e-08
5650,0.0,1.8810814239600404e-08
5651,0.0,1.8792333023043284e-08
5652,0.0,1.8773221199808177e-08
5653,0.0,1.8754715114255305e-08
5654,0.0,1.8736235674055024e-08
5655,0.0,1.8716921346140225e-08
5656,0.0,1.869842769508523e-08
5657,0.0,1.8679720881209505e-08
5658,0.0,1.8661037159972693e-08
5659,0.0,1.8642127841417278e-08
5660,0.0,1.8623621755864406e-08
5661,0.0,1.8605167184659877e-08
5662,0.0,1.8586458594427313e-08
5663,0.0,1.8567991588724908e-08
5664,0.0,1.85488797654898e-08
5665,0.0,1.8530778689296312e-08
5666,0.0,1.8511993715719655e-08
5667,0.0,1.8493892639526166e-08
5668,0.0,1.8475020624464378e-08
5669,0.0,1.845691954827089e-08
5670,0.0,1.843846497706636e-08
5671,0.0,1.8419958891513488e-08
5672,0.0,1.8401490109454244e-08
5673,0.0,1.838298580025821e-08
5674,0.0,1.8364605836040937e-08
5675,0.0,1.8346744568020767e-08
5676,0.0,1.8327860118461103e-08
5677,0.0,1.8309783911263366e-08
5678,0.0,1.829129026020837e-08
5679,0.0,1.8273036417326693e-08
5680,0.0,1.825483408879336e-08
5681,0.0,1.8236770316093498e-08
5682,0.0,1.821831574488897e-08
5683,0.0,1.8200024598513664e-08
5684,0.0,1.8182049643655773e-08
5685,0.0,1.816360750694912e-08
5686,0.0,1.814532879507169e-08
5687,0.0,1.812724015337608e-08
5688,0.0,1.8108886834511395e-08
5689,0.0,1.809142879949377e-08
5690,0.0,1.8073352592296033e-08
5691,0.0,1.8054784334253782e-08
5692,0.0,1.8036708127056045e-08
5693,0.0,1.8018871728031627e-08
5694,0.0,1.8000694268494044e-08
5695,0.0,1.7983035505153566e-08
5696,0.0,1.796495929795583e-08
5697,0.0,1.7947224151271257e-08
5698,0.0,1.7928957873891704e-08
5699,0.0,1.791090653568972e-08
5700,0.0,1.7892944015329704e-08
5701,0.0,1.7875310120984977e-08
5702,0.0,1.7856828904427857e-08
5703,0.0,1.783949876710267e-08
5704,0.0,1.78216374990825e-08
5705,0.0,1.7803662544224608e-08
5706,0.0,1.7786229378202734e-08
5707,0.0,1.7768266857842718e-08
5708,0.0,1.7750229730495448e-08
5709,0.0,1.773245550396041e-08
5710,0.0,1.7714821609615683e-08
5711,0.0,1.7697011855943856e-08
5712,0.0,1.768006008262546e-08
5713,0.0,1.7662211249103166e-08
5714,0.0,1.7644476102418594e-08
5715,0.0,1.7626412329718733e-08
5716,0.0,1.7608877911357013e-08
5717,0.0,1.759114276467244e-08
5718,0.0,1.7573711375007406e-08
5719,0.0,1.7555938924829206e-08
5720,0.0,1.7538708263487024e-08
5721,0.0,1.7521200490477895e-08
5722,0.0,1.750356659613317e-08
5723,0.0,1.7486009085132537e-08
5724,0.0,1.746837519078781e-08
5725,0.0,1.7451245781785474e-08
5726,0.0,1.7433686494428002e-08
5727,0.0,1.7416356357102813e-08
5728,0.0,1.739874733175384e-08
5729,0.0,1.7381365680080307e-08
5730,0.0,1.7363808169079675e-08
5731,0.0,1.7346476255397647e-08
5732,0.0,1.7329297108403807e-08
5733,0.0,1.7311942102082867e-08
5734,0.0,1.7294407683721147e-08
5735,0.0,1.7277431041407e-08
5736,0.0,1.726007425872922e-08
5737,0.0,1.724294662608372e-08
5738,0.0,1.7225943338416982e-08
5739,0.0,1.720844799990573e-08
5740,0.0,1.719147135759158e-08
5741,0.0,1.7173812594251103e-08
5742,0.0,1.715637942822923e-08
5743,0.0,1.7139504038254927e-08
5744,0.0,1.7122602002928033e-08
5745,0.0,1.7105573846265543e-08
5746,0.0,1.7088130022102632e-08
5747,0.0,1.707122798677574e-08
5748,0.0,1.7053972456437805e-08
5749,0.0,1.7036946076132153e-08
5750,0.0,1.7020006737311633e-08
5751,0.0,1.7002978580649142e-08
5752,0.0,1.6985975292982403e-08
5753,0.0,1.6969023519664006e-08
5754,0.0,1.6952412806858774e-08
5755,0.0,1.693531004320903e-08
5756,0.0,1.6918230372198195e-08
5757,0.0,1.690086293137938e-08
5758,0.0,1.688456663373472e-08
5759,0.0,1.686754025342907e-08
5760,0.0,1.6850398409928857e-08
5761,0.0,1.6834002636301193e-08
5762,0.0,1.68171006009743e-08
5763,0.0,1.680001027182243e-08
5764,0.0,1.6783612721837926e-08
5765,0.0,1.6766851018701345e-08
5766,0.0,1.6749469367027814e-08
5767,0.0,1.673318728023787e-08
5768,0.0,1.671648774959067e-08
5769,0.0,1.6699257088248487e-08
5770,0.0,1.6682799142131444e-08
5771,0.0,1.6666300339807094e-08
5772,0.0,1.6649716272354453e-08
5773,0.0,1.6633041610703003e-08
5774,0.0,1.6615924636198542e-08
5775,0.0,1.6599630114910724e-08
5776,0.0,1.6582868411774143e-08
5777,0.0,1.656658454862736e-08
5778,0.0,1.654988501798016e-08
5779,0.0,1.653383030486566e-08
5780,0.0,1.6516525036536223e-08
5781,0.0,1.6500470323421723e-08
5782,0.0,1.64836571059368e-08
5783,0.0,1.6467412322640484e-08
5784,0.0,1.645075009548691e-08
5785,0.0,1.6434658078878783e-08
5786,0.0,1.6417795123402357e-08
5787,0.0,1.6401713764935266e-08
5788,0.0,1.638509061763216e-08
5789,0.0,1.6369009259165068e-08
5790,0.0,1.6352551313048025e-08
5791,0.0,1.633606672157839e-08
5792,0.0,1.6319644302598135e-08
5793,0.0,1.6303362215808193e-08
5794,0.0,1.6287332371689445e-08
5795,0.0,1.6270872649215562e-08
5796,0.0,1.6254627865919247e-08
5797,0.0,1.62384719004649e-08
5798,0.0,1.622203882334361e-08
5799,0.0,1.620578160554942e-08
5800,0.0,1.6189497742402637e-08
5801,0.0,1.6173279604458912e-08
5802,0.0,1.6157047255660473e-08
5803,0.0,1.614111866388157e-08
5804,0.0,1.6124658941407688e-08
5805,0.0,1.6108856470964383e-08
5806,0.0,1.6092776888854132e-08
5807,0.0,1.6076695530387042e-08
5808,0.0,1.6060628382774667e-08
5809,0.0,1.6044193529296535e-08
5810,0.0,1.6028138816182036e-08
5811,0.0,1.601246246707433e-08
5812,0.0,1.5996205249280138e-08
5813,0.0,1.5980479162180927e-08
5814,0.0,1.596427168237824e-08
5815,0.0,1.5948646847618875e-08
5816,0.0,1.5932743124835724e-08
5817,0.0,1.5916535645033036e-08
5818,0.0,1.5900582184258383e-08
5819,0.0,1.5884779713815078e-08
5820,0.0,1.586907849571162e-08
5821,0.0,1.5853098389584375e-08
5822,0.0,1.5837347433489413e-08
5823,0.0,1.5821342458366416e-08
5824,0.0,1.5805653674760833e-08
5825,0.0,1.578987607331328e-08
5826,0.0,1.5773922612538627e-08
5827,0.0,1.575791763741563e-08
5828,0.0,1.5742443792987615e-08
5829,0.0,1.5726540070204464e-08
5830,0.0,1.5710964973436603e-08
5831,0.0,1.5695263755333144e-08
5832,0.0,1.5679297860060615e-08
5833,0.0,1.5663747632288505e-08
5834,0.0,1.5648046414185046e-08
5835,0.0,1.563257256975703e-08
5836,0.0,1.5616567594634034e-08
5837,0.0,1.5601308689383586e-08
5838,0.0,1.5585607471280127e-08
5839,0.0,1.5570334355174964e-08
5840,0.0,1.5554329380051968e-08
5841,0.0,1.553909534379727e-08
5842,0.0,1.5523420771046403e-08
5843,0.0,1.550812278594549e-08
5844,0.0,1.5492295446506432e-08
5845,0.0,1.547713601723899e-08
5846,0.0,1.5461637303815223e-08
5847,0.0,1.5445960954707516e-08
5848,0.0,1.5430702049457068e-08
5849,0.0,1.541500083135361e-08
5850,0.0,1.5399526986925594e-08
5851,0.0,1.538452032434634e-08
5852,0.0,1.5368666339554693e-08
5853,0.0,1.5353382565308493e-08
5854,0.0,1.5338514458562713e-08
5855,0.0,1.5322635604775314e-08
5856,0.0,1.530762894219606e-08
5857,0.0,1.5292332733451985e-08
5858,0.0,1.5276693687837906e-08
5859,0.0,1.5261674590760776e-08
5860,0.0,1.524661819019002e-08
5861,0.0,1.523073933640262e-08
5862,0.0,1.5215732673823368e-08
5863,0.0,1.5200789960090333e-08
5864,0.0,1.5185504409487294e-08
5865,0.0,1.516987957472793e-08
5866,0.0,1.5155048771475776e-08
5867,0.0,1.5139979936407144e-08
5868,0.0,1.51247707691482e-08
5869,0.0,1.5109801410062573e-08
5870,0.0,1.5094213878796836e-08
5871,0.0,1.507935998290577e-08
5872,0.0,1.5064339109471803e-08
5873,0.0,1.5049408830236644e-08
5874,0.0,1.5034389733159514e-08
5875,0.0,1.5019333332588758e-08
5876,0.0,1.500425028666541e-08
5877,0.0,1.498938217991963e-08
5878,0.0,1.4973997153333585e-08
5879,0.0,1.495929247141703e-08
5880,0.0,1.4944021131668705e-08
5881,0.0,1.4929241842764895e-08
5882,0.0,1.4914286694533985e-08
5883,0.0,1.4899494082953879e-08
5884,0.0,1.4884588672714472e-08
5885,0.0,1.4869556252961047e-08
5886,0.0,1.4854852459222911e-08
5887,0.0,1.4840086492995397e-08
5888,0.0,1.482518019457757e-08
5889,0.0,1.4810351167682256e-08
5890,0.0,1.479564737394412e-08
5891,0.0,1.4780653145862743e-08
5892,0.0,1.4765747735623336e-08
5893,0.0,1.4750942689545354e-08
5894,0.0,1.4736239783985638e-08
5895,0.0,1.4721460495081828e-08
5896,0.0,1.4706959206023384e-08
5897,0.0,1.4692470351462816e-08
5898,0.0,1.4677691062559006e-08
5899,0.0,1.4663013025995042e-08
5900,0.0,1.4648283475082735e-08
5901,0.0,1.4633504186178925e-08
5902,0.0,1.4619028654294652e-08
5903,0.0,1.4604350617730688e-08
5904,0.0,1.4589646823992553e-08
5905,0.0,1.4575296525265458e-08
5906,0.0,1.4560593619705742e-08
5907,0.0,1.4545902260465482e-08
5908,0.0,1.4531249981075689e-08
5909,0.0,1.4516470692171879e-08
5910,0.0,1.4502600897969842e-08
5911,0.0,1.448812447790715e-08
5912,0.0,1.4473446441343185e-08
5913,0.0,1.4458970021280493e-08
5914,0.0,1.4444696105897492e-08
5915,0.0,1.4429941685989434e-08
5916,0.0,1.441552921477296e-08
5917,0.0,1.4401027925714516e-08
5918,0.0,1.4386778879327267e-08
5919,0.0,1.4372302459264574e-08
5920,0.0,1.4357851796376053e-08
5921,0.0,1.4343780385672744e-08
5922,0.0,1.4329354591779975e-08
5923,0.0,1.4314878171717282e-08
5924,0.0,1.4300629125330033e-08
5925,0.0,1.4286355209947033e-08
5926,0.0,1.4272371728907274e-08
5927,0.0,1.425769369234331e-08
5928,0.0,1.4243419776960309e-08
5929,0.0,1.4229373235252751e-08
5930,0.0,1.4214947441359982e-08
5931,0.0,1.420100215199227e-08
5932,0.0,1.4186765540102897e-08
5933,0.0,1.4172340634388547e-08
5934,0.0,1.4158495709182262e-08
5935,0.0,1.414401928911957e-08
5936,0.0,1.4129821757080663e-08
5937,0.0,1.4115787649870981e-08
5938,0.0,1.410184147232485e-08
5939,0.0,1.408759331411602e-08
5940,0.0,1.4073609833076262e-08
5941,0.0,1.4059335917693261e-08
5942,0.0,1.404538974014713e-08
5943,0.0,1.4031393824609495e-08
5944,0.0,1.4017158100898541e-08
5945,0.0,1.4003641801707545e-08
5946,0.0,1.3989191138819024e-08
5947,0.0,1.3975611778960229e-08
5948,0.0,1.3961135358897536e-08
5949,0.0,1.394746806937519e-08
5950,0.0,1.3933484588335432e-08
5951,0.0,1.39195384107893e-08
5952,0.0,1.3905757434429233e-08
5953,0.0,1.3891559014211907e-08
5954,0.0,1.3877815341345467e-08
5955,0.0,1.386421111249092e-08
5956,0.0,1.3850063318443517e-08
5957,0.0,1.3836079837403759e-08
5958,0.0,1.3822589295386933e-08
5959,0.0,1.3808429066841654e-08
5960,0.0,1.3794887010476486e-08
5961,0.0,1.378110603411642e-08
5962,0.0,1.3767008866238939e-08
5963,0.0,1.375335401121447e-08
5964,0.0,1.3739862581019224e-08
5965,0.0,1.3726106473654909e-08
5966,0.0,1.3711807689276156e-08
5967,0.0,1.3698329581757207e-08
5968,0.0,1.3684687161230613e-08
5969,0.0,1.3671209053711664e-08
5970,0.0,1.3657439623671053e-08
5971,0.0,1.364355739497114e-08
5972,0.0,1.363007928745219e-08
5973,0.0,1.361648749309552e-08
5974,0.0,1.3603034254572322e-08
5975,0.0,1.3589543712555496e-08
5976,0.0,1.3575863100356855e-08
5977,0.0,1.3561854750321345e-08
5978,0.0,1.3548389077300271e-08
5979,0.0,1.3534910969781322e-08
5980,0.0,1.3521660235937816e-08
5981,0.0,1.3508068441581145e-08
5982,0.0,1.3494589445883776e-08
5983,0.0,1.3481137095538998e-08
5984,0.0,1.3467645665343753e-08
5985,0.0,1.3454167557824803e-08
5986,0.0,1.3440335955294813e-08
5987,0.0,1.3426794787108065e-08
5988,0.0,1.341374566976583e-08
5989,0.0,1.3400267562246881e-08
5990,0.0,1.3386789454727932e-08
5991,0.0,1.3373323781706858e-08
5992,0.0,1.335987054318366e-08
5993,0.0,1.3346822314019846e-08
5994,0.0,1.3333344206500897e-08
5995,0.0,1.3319941594147622e-08
5996,0.0,1.3306475921126548e-08
5997,0.0,1.3293401934788562e-08
5998,0.0,1.3279948696265365e-08
5999,0.0,1.326707721460707e-08
6000,0.0,1.3253901975929239e-08
6001,0.0,1.3240626373089981e-08
6002,0.0,1.3227160700068907e-08
6003,0.0,1.3213909966225401e-08
6004,0.0,1.3200708970373398e-08
6005,0.0,1.3187458236529892e-08
6006,0.0,1.3174410007366077e-08
6007,0.0,1.3161007395012803e-08
6008,0.0,1.3147630539833699e-08
6009,0.0,1.31350113008466e-08
6010,0.0,1.3121785435998845e-08
6011,0.0,1.3108762075830782e-08
6012,0.0,1.3095296402809709e-08
6013,0.0,1.308208386063825e-08
6014,0.0,1.3069160864631613e-08
6015,0.0,1.3056352443641117e-08
6016,0.0,1.3043114144295487e-08
6017,0.0,1.30301032186253e-08
6018,0.0,1.3016978606117391e-08
6019,0.0,1.3003766063945932e-08
6020,0.0,1.2991336006962229e-08
6021,0.0,1.2977984020778877e-08
6022,0.0,1.296499885228286e-08
6023,0.0,1.2952189543113946e-08
6024,0.0,1.2939267435285728e-08
6025,0.0,1.2926459014295233e-08
6026,0.0,1.2913031532946206e-08
6027,0.0,1.2900525980796829e-08
6028,0.0,1.2887501732450346e-08
6029,0.0,1.2874491694958579e-08
6030,0.0,1.2862023446302828e-08
6031,0.0,1.2848785146957198e-08
6032,0.0,1.28361028473023e-08
6033,0.0,1.2823067052636361e-08
6034,0.0,1.2810372318483587e-08
6035,0.0,1.2797386261809152e-08
6036,0.0,1.2784918901331821e-08
6037,0.0,1.2771857349491711e-08
6038,0.0,1.2759402423512256e-08
6039,0.0,1.2746429689514116e-08
6040,0.0,1.2733469390013852e-08
6041,0.0,1.2720900777196675e-08
6042,0.0,1.2708230912039653e-08
6043,0.0,1.2695636542048305e-08
6044,0.0,1.2682714434220088e-08
6045,0.0,1.267044869024403e-08
6046,0.0,1.2657450199071718e-08
6047,0.0,1.2644995273092263e-08
6048,0.0,1.2632111356936093e-08
6049,0.0,1.2619541855940497e-08
6050,0.0,1.2606808930115676e-08
6051,0.0,1.2594544074318037e-08
6052,0.0,1.2581570452141477e-08
6053,0.0,1.2569292273667543e-08
6054,0.0,1.2556433226507124e-08
6055,0.0,1.254424386587516e-08
6056,0.0,1.2531384818714741e-08
6057,0.0,1.2519119074738683e-08
6058,0.0,1.250644920958166e-08
6059,0.0,1.249389303126236e-08
6060,0.0,1.2481223166105337e-08
6061,0.0,1.2468957422129279e-08
6062,0.0,1.2456477627154072e-08
6063,0.0,1.2444211883178014e-08
6064,0.0,1.2431756957198559e-08
6065,0.0,1.2419188344381382e-08
6066,0.0,1.2406720095725632e-08
6067,0.0,1.2394467674425869e-08
6068,0.0,1.2382012748446414e-08
6069,0.0,1.236975943896823e-08
6070,0.0,1.23572920784909e-08
6071,0.0,1.2344837152511445e-08
6072,0.0,1.2332368903855695e-08
6073,0.0,1.2320318099057204e-08
6074,0.0,1.2307913799247672e-08
6075,0.0,1.2295661377947908e-08
6076,0.0,1.228339563397185e-08
6077,0.0,1.2270940707992395e-08
6078,0.0,1.2258687398514212e-08
6079,0.0,1.2246485603384372e-08
6080,0.0,1.2234219859408313e-08
6081,0.0,1.222196654993013e-08
6082,0.0,1.2209915745131639e-08
6083,0.0,1.2197460819152184e-08
6084,0.0,1.2185473075021491e-08
6085,0.0,1.2173207331045433e-08
6086,0.0,1.2160752405065978e-08
6087,0.0,1.2148960948366039e-08
6088,0.0,1.2136701421638918e-08
6089,0.0,1.2124455217588093e-08
6090,0.0,1.211237865561543e-08
6091,0.0,1.2100321633568001e-08
6092,0.0,1.2088075429517176e-08
6093,0.0,1.2076075250888607e-08
6094,0.0,1.2063828158659362e-08
6095,0.0,1.2051884823449655e-08
6096,0.0,1.204011201849653e-08
6097,0.0,1.2027865814445704e-08
6098,0.0,1.2015858530389778e-08
6099,0.0,1.2003821048267582e-08
6100,0.0,1.199171340005023e-08
6101,0.0,1.1979699898745366e-08
6102,0.0,1.1967908442045427e-08
6103,0.0,1.1955958889586782e-08
6104,0.0,1.1943914302037228e-08
6105,0.0,1.1931951426902287e-08
6106,0.0,1.1920046283364627e-08
6107,0.0,1.1908210417743703e-08
6108,0.0,1.1896216456364073e-08
6109,0.0,1.1884304207399055e-08
6110,0.0,1.1872505645271758e-08
6111,0.0,1.1860663562401896e-08
6112,0.0,1.1848801939606801e-08
6113,0.0,1.1836758240235667e-08
6114,0.0,1.1825073364946093e-08
6115,0.0,1.1813312994490843e-08
6116,0.0,1.180135722478326e-08
6117,0.0,1.178957109715384e-08
6118,0.0,1.1777710362537164e-08
6119,0.0,1.176587449691624e-08
6120,0.0,1.1754183404377727e-08
6121,0.0,1.174262553860217e-08
6122,0.0,1.17306884206414e-08
6123,0.0,1.1719129666687422e-08
6124,0.0,1.1707041558395304e-08
6125,0.0,1.1695476587192388e-08
6126,0.0,1.1683943590412582e-08
6127,0.0,1.167195584628189e-08
6128,0.0,1.1660499232846178e-08
6129,0.0,1.1648612741055331e-08
6130,0.0,1.1637205865611122e-08
6131,0.0,1.1625520990321547e-08
6132,0.0,1.1613761508044718e-08
6133,0.0,1.1602279137434834e-08
6134,0.0,1.1590619131141011e-08
6135,0.0,1.1579048830867578e-08
6136,0.0,1.1567540703083523e-08
6137,0.0,1.1555654211292676e-08
6138,0.0,1.1544601719037928e-08
6139,0.0,1.1532841348582679e-08
6140,0.0,1.1521573917150363e-08
6141,0.0,1.150991479903496e-08
6142,0.0,1.1498432428425076e-08
6143,0.0,1.1486873674471099e-08
6144,0.0,1.1475208339106757e-08
6145,0.0,1.1463751725671045e-08
6146,0.0,1.145248340606031e-08
6147,0.0,1.1440913105786876e-08
6148,0.0,1.142946803867062e-08
6149,0.0,1.141800520798597e-08
6150,0.0,1.1406535271873963e-08
6151,0.0,1.139549521411709e-08
6152,0.0,1.1383822773325392e-08
6153,0.0,1.1372372377138618e-08
6154,0.0,1.1361016127864332e-08
6155,0.0,1.1349761130929892e-08
6156,0.0,1.1338298300245242e-08
6157,0.0,1.1327043303310802e-08
6158,0.0,1.1315989922877634e-08
6159,0.0,1.1304337022011168e-08
6160,0.0,1.1292880408575456e-08
6161,0.0,1.1281833245391226e-08
6162,0.0,1.1270628874626709e-08
6163,0.0,1.1259184695688873e-08
6164,0.0,1.1247923481505495e-08
6165,0.0,1.1236680919068931e-08
6166,0.0,1.1225621321386825e-08
6167,0.0,1.1214227768618912e-08
6168,0.0,1.120297898893341e-08
6169,0.0,1.1191926496678661e-08
6170,0.0,1.1180690151491035e-08
6171,0.0,1.1169643876485225e-08
6172,0.0,1.1158438617542288e-08
6173,0.0,1.1147404777034353e-08
6174,0.0,1.1135948163598641e-08
6175,0.0,1.112505287892418e-08
6176,0.0,1.1113816533736554e-08
6177,0.0,1.1102764041481805e-08
6178,0.0,1.1091527696294179e-08
6179,0.0,1.1080532047458291e-08
6180,0.0,1.1069491989701419e-08
6181,0.0,1.1058344462355763e-08
6182,0.0,1.1047360359839331e-08
6183,0.0,1.1036124902830124e-08
6184,0.0,1.1025134583064755e-08
6185,0.0,1.1014088308058945e-08
6186,0.0,1.1003357336392128e-08
6187,0.0,1.0992374122054116e-08
6188,0.0,1.098113777686649e-08
6189,0.0,1.0970135910781664e-08
6190,0.0,1.0959202434435156e-08
6191,0.0,1.0948421724776836e-08
6192,0.0,1.0937387884268901e-08
6193,0.0,1.0926454407922392e-08
6194,0.0,1.091547119358438e-08
6195,0.0,1.0904437353076446e-08
6196,0.0,1.089355539107828e-08
6197,0.0,1.0882520662391926e-08
6198,0.0,1.0871954891911173e-08
6199,0.0,1.0861072041734587e-08
6200,0.0,1.0849835696546961e-08
6201,0.0,1.0839054986888641e-08
6202,0.0,1.0828324015221824e-08
6203,0.0,1.0817744922064776e-08
6204,0.0,1.0806824768394563e-08
6205,0.0,1.0796043170557823e-08
6206,0.0,1.0785173643057533e-08
6207,0.0,1.0774139802549598e-08
6208,0.0,1.0763459457052704e-08
6209,0.0,1.0752886581144594e-08
6210,0.0,1.0742080114312103e-08
6211,0.0,1.0731399768815209e-08
6212,0.0,1.0720618170978469e-08
6213,0.0,1.0709900521987947e-08
6214,0.0,1.0699232610988929e-08
6215,0.0,1.0688659735080819e-08
6216,0.0,1.0677739581410606e-08
6217,0.0,1.0667172922751433e-08
6218,0.0,1.0656701299183169e-08
6219,0.0,1.0645730519343033e-08
6220,0.0,1.0635214486853783e-08
6221,0.0,1.0624546575854765e-08
6222,0.0,1.0613973699946655e-08
6223,0.0,1.0603305788947637e-08
6224,0.0,1.0592695609545899e-08
6225,0.0,1.0582027698546881e-08
6226,0.0,1.0571562292227554e-08
6227,0.0,1.0560800234316048e-08
6228,0.0,1.0550334827996721e-08
6229,0.0,1.0539875638926333e-08
6230,0.0,1.05289545970777e-08
6231,0.0,1.051879294777791e-08
6232,0.0,1.050813125402783e-08
6233,0.0,1.0497868352388195e-08
6234,0.0,1.0487320345475837e-08
6235,0.0,1.0476658651725756e-08
6236,0.0,1.046619324540643e-08
6237,0.0,1.0455747379012337e-08
6238,0.0,1.044536990235656e-08
6239,0.0,1.0434721531282776e-08
6240,0.0,1.0424470175962597e-08
6241,0.0,1.04142134915719e-08
6242,0.0,1.0403754302501511e-08
6243,0.0,1.0393187643842339e-08
6244,0.0,1.038263963692998e-08
6245,0.0,1.0372496639377005e-08
6246,0.0,1.0362132485397524e-08
6247,0.0,1.0351673296327135e-08
6248,0.0,1.034152941059574e-08
6249,0.0,1.0330976074612863e-08
6250,0.0,1.0320630572380196e-08
6251,0.0,1.031037299981108e-08
6252,0.0,1.0300230002258104e-08
6253,0.0,1.0289675778096807e-08
6254,0.0,1.0279532780543832e-08
6255,0.0,1.0268984773631473e-08
6256,0.0,1.0258917271244172e-08
6257,0.0,1.024847051667166e-08
6258,0.0,1.0238378145288607e-08
6259,0.0,1.0228234259557212e-08
6260,0.0,1.0217894974573483e-08
6261,0.0,1.0207650724680661e-08
6262,0.0,1.0197305222447994e-08
6263,0.0,1.018736384139629e-08
6264,0.0,1.0177068965333547e-08
6265,0.0,1.0166912645104276e-08
6266,0.0,1.0156870899891146e-08
6267,0.0,1.0146727014159751e-08
6268,0.0,1.0136330885757161e-08
6269,0.0,1.0126490757045303e-08
6270,0.0,1.0116157689310512e-08
6271,0.0,1.0106014691757537e-08
6272,0.0,1.009593475487236e-08
6273,0.0,1.008589212148081e-08
6274,0.0,1.0075761558425711e-08
6275,0.0,1.0065718925034162e-08
6276,0.0,1.0055626553651109e-08
6277,0.0,1.004579264218819e-08
6278,0.0,1.0035459574453398e-08
6279,0.0,1.0025568819571617e-08
6280,0.0,1.001522331733895e-08
6281,0.0,1.000550930996269e-08
6282,0.0,9.995517302741064e-09
6283,0.0,9.985582138938298e-09
6284,0.0,9.975400949713276e-09
6285,0.0,9.965560821001418e-09
6286,0.0,9.955745561285312e-09
6287,0.0,9.945558154811351e-09
6288,0.0,9.935616773759648e-09
6289,0.0,9.925638089214317e-09
6290,0.0,9.915810395000335e-09
6291,0.0,9.905837039525522e-09
6292,0.0,9.895896546652239e-09
6293,0.0,9.88611947860818e-09
6294,0.0,9.876298001643136e-09
6295,0.0,9.866419681259231e-09
6296,0.0,9.856396587792915e-09
6297,0.0,9.846619519748856e-09
6298,0.0,9.836690573195028e-09
6299,0.0,9.826818470060061e-09
6300,0.0,9.817092028185925e-09
6301,0.0,9.807321177390804e-09
6302,0.0,9.797594735516668e-09
6303,0.0,9.78752101588043e-09
6304,0.0,9.77774394783637e-09
6305,0.0,9.768023723211172e-09
6306,0.0,9.758259089664989e-09
6307,0.0,9.748640117379637e-09
6308,0.0,9.738863049335578e-09
6309,0.0,9.72899094620061e-09
6310,0.0,9.71927693882435e-09
6311,0.0,9.709607340369075e-09
6312,0.0,9.699836489573954e-09
6313,0.0,9.69031255237951e-09
6314,0.0,9.680554136082264e-09
6315,0.0,9.670890754875927e-09
6316,0.0,9.661170530250729e-09
6317,0.0,9.65151336629333e-09
6318,0.0,9.64182511609124e-09
6319,0.0,9.632218578303764e-09
6320,0.0,9.622561414346364e-09
6321,0.0,9.61289181589109e-09
6322,0.0,9.603329687024598e-09
6323,0.0,9.593621896897275e-09
6324,0.0,9.584267601780994e-09
6325,0.0,9.574598003325718e-09
6326,0.0,9.564934622119381e-09
6327,0.0,9.555581215181519e-09
6328,0.0,9.545961354717747e-09
6329,0.0,9.536203826598921e-09
6330,0.0,9.526748279142794e-09
6331,0.0,9.517394872204932e-09
6332,0.0,9.507731490998594e-09
6333,0.0,9.498314135214514e-09
6334,0.0,9.488859475936806e-09
6335,0.0,9.479101059639561e-09
6336,0.0,9.469760087199575e-09
6337,0.0,9.460305427921867e-09
6338,0.0,9.450951132805585e-09
6339,0.0,9.441293968848186e-09
6340,0.0,9.432028491573874e-09
6341,0.0,9.422675084636012e-09
6342,0.0,9.41323197167776e-09
6343,0.0,9.40357569589878e-09
6344,0.0,9.394170774612576e-09
6345,0.0,9.384817367674714e-09
6346,0.0,9.375374254716462e-09
6347,0.0,9.366323716619718e-09
6348,0.0,9.356767805002164e-09
6349,0.0,9.347313145724456e-09
6350,0.0,9.338173789785742e-09
6351,0.0,9.328617878168188e-09
6352,0.0,9.319364835391752e-09
6353,0.0,9.310030080200704e-09
6354,0.0,9.300777037424268e-09
6355,0.0,9.291486691154205e-09
6356,0.0,9.282031143698077e-09
6357,0.0,9.272993040099209e-09
6358,0.0,9.263652067659223e-09
6359,0.0,9.254405242131725e-09
6360,0.0,9.24526677437143e-09
6361,0.0,9.235811226915303e-09
6362,0.0,9.226773123316434e-09
6363,0.0,9.217324681287664e-09
6364,0.0,9.208299012186671e-09
6365,0.0,9.198894979078887e-09
6366,0.0,9.189863092728956e-09
6367,0.0,9.180711302292366e-09
6368,0.0,9.171470694013806e-09
6369,0.0,9.162237191162603e-09
6370,0.0,9.153199087563735e-09
6371,0.0,9.143807488953826e-09
6372,0.0,9.134876854943741e-09
6373,0.0,9.125838751344872e-09
6374,0.0,9.11639563838662e-09
6375,0.0,9.10745256987866e-09
6376,0.0,9.098275910446318e-09
6377,0.0,9.089244024096388e-09
6378,0.0,9.080092233659798e-09
6379,0.0,9.070871165306471e-09
6380,0.0,9.061984052038952e-09
6381,0.0,9.053154670368713e-09
6382,0.0,9.04371244558888e-09
6383,0.0,9.034731185408873e-09
6384,0.0,9.025806768647726e-09
6385,0.0,9.016572377618104e-09
6386,0.0,9.007888657208696e-09
6387,0.0,8.998856770858765e-09
6388,0.0,8.989534450165593e-09
6389,0.0,8.980546972736647e-09
6390,0.0,8.971729137385864e-09
6391,0.0,8.962792286126842e-09
6392,0.0,8.953709773606988e-09
6393,0.0,8.944779139596903e-09
6394,0.0,8.935854722835757e-09
6395,0.0,8.92707596733544e-09
6396,0.0,8.918157767823232e-09
6397,0.0,8.90906903805444e-09
6398,0.0,8.900252090882077e-09
6399,0.0,8.891372083041915e-09
6400,0.0,8.882447666280768e-09
6401,0.0,8.873630719108405e-09
6402,0.0,8.864548206588552e-09
6403,0.0,8.855731259416189e-09
6404,0.0,8.846863686073902e-09
6405,0.0,8.838027198976306e-09
6406,0.0,8.82915962563402e-09
6407,0.0,8.820443930801503e-09
6408,0.0,8.811665175301187e-09
6409,0.0,8.802847339950404e-09
6410,0.0,8.794188488536747e-09
6411,0.0,8.785257854526662e-09
6412,0.0,8.776390281184376e-09
6413,0.0,8.76752270784209e-09
6414,0.0,8.758807013009573e-09
6415,0.0,8.750128621670683e-09
6416,0.0,8.74122285665635e-09
6417,0.0,8.732557787993755e-09
6418,0.0,8.723765709817144e-09
6419,0.0,8.715176136320224e-09
6420,0.0,8.706384058143612e-09
6421,0.0,8.697718989481018e-09
6422,0.0,8.689129415984098e-09
6423,0.0,8.680337337807487e-09
6424,0.0,8.67155858230717e-09
6425,0.0,8.662892625466156e-09
6426,0.0,8.654505556648928e-09
6427,0.0,8.645814730812162e-09
6428,0.0,8.636959591967752e-09
6429,0.0,8.628458836312802e-09
6430,0.0,8.619805313969664e-09
6431,0.0,8.611215740472744e-09
6432,0.0,8.602524914635978e-09
6433,0.0,8.593771028131414e-09
6434,0.0,8.585390176563124e-09
6435,0.0,8.576888532729754e-09
6436,0.0,8.568349585402757e-09
6437,0.0,8.559646325068115e-09
6438,0.0,8.551158003911041e-09
6439,0.0,8.542441420900104e-09
6440,0.0,8.534022377659767e-09
6441,0.0,8.525558925498444e-09
6442,0.0,8.51707060434137e-09
6443,0.0,8.508341586832557e-09
6444,0.0,8.499985604260019e-09
6445,0.0,8.491282343925377e-09
6446,0.0,8.482996527447995e-09
6447,0.0,8.47439363127478e-09
6448,0.0,8.465886658370891e-09
6449,0.0,8.457409883533273e-09
6450,0.0,8.449022814716045e-09
6451,0.0,8.440666832143506e-09
6452,0.0,8.431937814634693e-09
6453,0.0,8.423790553990784e-09
6454,0.0,8.415282692908477e-09
6455,0.0,8.40674374558148e-09
6456,0.0,8.398552076016585e-09
6457,0.0,8.390189876195109e-09
6458,0.0,8.381511484856219e-09
6459,0.0,8.373218562951479e-09
6460,0.0,8.3649824844656e-09
6461,0.0,8.356526137731635e-09
6462,0.0,8.348125746238111e-09
6463,0.0,8.33989588500117e-09
6464,0.0,8.331647372017414e-09
6465,0.0,8.323240763274953e-09
6466,0.0,8.314701815947956e-09
6467,0.0,8.306560772552984e-09
6468,0.0,8.298109754889538e-09
6469,0.0,8.290031772162365e-09
6470,0.0,8.281682006838764e-09
6471,0.0,8.273540963443793e-09
6472,0.0,8.264994910689438e-09
6473,0.0,8.256948902385375e-09
6474,0.0,8.248466798477239e-09
6475,0.0,8.240218285493484e-09
6476,0.0,8.232102111094264e-09
6477,0.0,8.223770997517477e-09
6478,0.0,8.215623736873567e-09
6479,0.0,8.207596380316318e-09
6480,0.0,8.199252832241655e-09
6481,0.0,8.191118006095621e-09
6482,0.0,8.18279932701671e-09
6483,0.0,8.17477197045946e-09
6484,0.0,8.166523457475705e-09
6485,0.0,8.158420605752781e-09
6486,0.0,8.150178310017964e-09
6487,0.0,8.142049701120868e-09
6488,0.0,8.133813622634989e-09
6489,0.0,8.125798700575615e-09
6490,0.0,8.117682526176395e-09
6491,0.0,8.109515725607253e-09
6492,0.0,8.101387116710157e-09
6493,0.0,8.09335354290397e-09
6494,0.0,8.085136116164904e-09
6495,0.0,8.077007507267808e-09
6496,0.0,8.069043211378357e-09
6497,0.0,8.060927036979137e-09
6498,0.0,8.053025801757485e-09
6499,0.0,8.044884758362514e-09
6500,0.0,8.036825427382155e-09
6501,0.0,8.028710141161355e-09
6502,0.0,8.020707653599857e-09
6503,0.0,8.012566610204885e-09
6504,0.0,8.004816365314582e-09
6505,0.0,7.996624695749688e-09
6506,0.0,7.988635530864485e-09
6507,0.0,7.980531790963141e-09
6508,0.0,7.972719373583459e-09
6509,0.0,7.964767512191884e-09
6510,0.0,7.956765024630386e-09
6511,0.0,7.948788294243059e-09
6512,0.0,7.940887059021406e-09
6513,0.0,7.932935197629831e-09
6514,0.0,7.924843892226363e-09
6515,0.0,7.917170030680154e-09
6516,0.0,7.909168431297076e-09
6517,0.0,7.901115317565655e-09
6518,0.0,7.893321551932786e-09
6519,0.0,7.885483377378932e-09
6520,0.0,7.877456020821683e-09
6521,0.0,7.869617846267829e-09
6522,0.0,7.8617672372161e-09
6523,0.0,7.854080941172015e-09
6524,0.0,7.84612907978044e-09
6525,0.0,7.838195870135678e-09
6526,0.0,7.830395887253871e-09
6527,0.0,7.822456460360172e-09
6528,0.0,7.814883851153809e-09
6529,0.0,7.806893798090186e-09
6530,0.0,7.79915065862724e-09
6531,0.0,7.791312484073387e-09
6532,0.0,7.78357556185938e-09
6533,0.0,7.775775578977573e-09
6534,0.0,7.768044874012503e-09
6535,0.0,7.76023245663282e-09
6536,0.0,7.752482211742517e-09
6537,0.0,7.74474528952851e-09
6538,0.0,7.737002150065564e-09
6539,0.0,7.729315854021479e-09
6540,0.0,7.721477679467625e-09
6541,0.0,7.713848226842401e-09
6542,0.0,7.705896365450826e-09
6543,0.0,7.698386816912262e-09
6544,0.0,7.690656111947192e-09
6545,0.0,7.682918301554764e-09
6546,0.0,7.67528884892954e-09
6547,0.0,7.667551926715532e-09
6548,0.0,7.659941125837122e-09
6549,0.0,7.652311673211898e-09
6550,0.0,7.64466268066144e-09
6551,0.0,7.63684404603282e-09
6552,0.0,7.629435749834101e-09
6553,0.0,7.621705044869032e-09
6554,0.0,7.613967234476604e-09
6555,0.0,7.60642659969335e-09
6556,0.0,7.598878859482738e-09
6557,0.0,7.591249406857514e-09
6558,0.0,7.58373985831895e-09
6559,0.0,7.576122840191601e-09
6560,0.0,7.568410786973345e-09
6561,0.0,7.56093232467947e-09
6562,0.0,7.553436098817201e-09
6563,0.0,7.545907010353403e-09
6564,0.0,7.53830242672393e-09
6565,0.0,7.530729817517567e-09
6566,0.0,7.52322648622794e-09
6567,0.0,7.515692068693625e-09
6568,0.0,7.508201171901874e-09
6569,0.0,7.500722709607999e-09
6570,0.0,7.49331441340928e-09
6571,0.0,7.485596142942086e-09
6572,0.0,7.478143437822382e-09
6573,0.0,7.470621454785942e-09
6574,0.0,7.463269113827664e-09
6575,0.0,7.455867034877883e-09
6576,0.0,7.448243799501597e-09
6577,0.0,7.440891902632529e-09
6578,0.0,7.433401449929988e-09
6579,0.0,7.426024239975959e-09
6580,0.0,7.418640812772992e-09
6581,0.0,7.411087299402652e-09
6582,0.0,7.403697654950747e-09
6583,0.0,7.396320444996718e-09
6584,0.0,7.388930800544813e-09
6585,0.0,7.381471878176171e-09
6586,0.0,7.374145294392065e-09
6587,0.0,7.366742771353074e-09
6588,0.0,7.359378439986131e-09
6589,0.0,7.352190856124707e-09
6590,0.0,7.344731933756066e-09
6591,0.0,7.337506602311805e-09
6592,0.0,7.3301040792728145e-09
6593,0.0,7.322765060990832e-09
6594,0.0,7.315438477206726e-09
6595,0.0,7.308036398256945e-09
6596,0.0,7.3007728751406376e-09
6597,0.0,7.293623482951261e-09
6598,0.0,7.286296899167155e-09
6599,0.0,7.27890725471525e-09
6600,0.0,7.271656610186028e-09
6601,0.0,7.264330026401922e-09
6602,0.0,7.257193068710421e-09
6603,0.0,7.249803424258516e-09
6604,0.0,7.242558996978232e-09
6605,0.0,7.2352515090301495e-09
6606,0.0,7.228228238176371e-09
6607,0.0,7.220977593647149e-09
6608,0.0,7.2136510098630424e-09
6609,0.0,7.20631199158106e-09
6610,0.0,7.199275842140196e-09
6611,0.0,7.19203763210885e-09
6612,0.0,7.184850492336636e-09
6613,0.0,7.177751282227973e-09
6614,0.0,7.170412263945991e-09
6615,0.0,7.163186488412521e-09
6616,0.0,7.1561379044737805e-09
6617,0.0,7.149013825369366e-09
6618,0.0,7.141699676083135e-09
6619,0.0,7.13478387481814e-09
6620,0.0,7.127507917203957e-09
6621,0.0,7.1203709595124565e-09
6622,0.0,7.1133601231565535e-09
6623,0.0,7.106122357214417e-09
6624,0.0,7.099098642271429e-09
6625,0.0,7.092006093500913e-09
6626,0.0,7.084869135809413e-09
6627,0.0,7.077744612615788e-09
6628,0.0,7.070835028599731e-09
6629,0.0,7.0636665405743315e-09
6630,0.0,7.05676939105615e-09
6631,0.0,7.049531181024804e-09
6632,0.0,7.042609162510871e-09
6633,0.0,7.035465987570433e-09
6634,0.0,7.028531090469414e-09
6635,0.0,7.021330628020905e-09
6636,0.0,7.014515635006546e-09
6637,0.0,7.007264990477324e-09
6638,0.0,7.0004313457161516e-09
6639,0.0,6.993338352856426e-09
6640,0.0,6.9863657081725705e-09
6641,0.0,6.9792664980639074e-09
6642,0.0,6.972363131296788e-09
6643,0.0,6.965491738952778e-09
6644,0.0,6.958392528844115e-09
6645,0.0,6.95147628348991e-09
6646,0.0,6.944630204230862e-09
6647,0.0,6.937638463710982e-09
6648,0.0,6.930652940440041e-09
6649,0.0,6.923762008170797e-09
6650,0.0,6.916827111069779e-09
6651,0.0,6.909803840216e-09
6652,0.0,6.903064786456525e-09
6653,0.0,6.896066828687708e-09
6654,0.0,6.889201209503426e-09
6655,0.0,6.882304504074455e-09
6656,0.0,6.875375824222374e-09
6657,0.0,6.868466240206317e-09
6658,0.0,6.861625934106996e-09
6659,0.0,6.854804723843699e-09
6660,0.0,6.847863609493743e-09
6661,0.0,6.84102952064336e-09
6662,0.0,6.834139032463327e-09
6663,0.0,6.827399978703852e-09
6664,0.0,6.820629394610478e-09
6665,0.0,6.813650088588474e-09
6666,0.0,6.806904817580062e-09
6667,0.0,6.800165763820587e-09
6668,0.0,6.793274831551344e-09
6669,0.0,6.7865548736278924e-09
6670,0.0,6.779815819868418e-09
6671,0.0,6.7728742614292514e-09
6672,0.0,6.7660912428380016e-09
6673,0.0,6.759352189078527e-09
6674,0.0,6.75270772632075e-09
6675,0.0,6.745981107059151e-09
6676,0.0,6.739191427129754e-09
6677,0.0,6.732452373370279e-09
6678,0.0,6.725820789199588e-09
6679,0.0,6.719094169937989e-09
6680,0.0,6.7123551161785144e-09
6681,0.0,6.7057235320078235e-09
6682,0.0,6.698984478248349e-09
6683,0.0,6.69225785898675e-09
6684,0.0,6.685481057644438e-09
6685,0.0,6.6788743424694985e-09
6686,0.0,6.67223654104987e-09
6687,0.0,6.665497043201185e-09
6688,0.0,6.658783302526672e-09
6689,0.0,6.652145501107043e-09
6690,0.0,6.64552013418529e-09
6691,0.0,6.638799732172629e-09
6692,0.0,6.6321867997487516e-09
6693,0.0,6.625649806579759e-09
6694,0.0,6.61892363140737e-09
6695,0.0,6.612310698983492e-09
6696,0.0,6.605647584478902e-09
6697,0.0,6.599009338970063e-09
6698,0.0,6.592403067884334e-09
6699,0.0,6.585878509213217e-09
6700,0.0,6.579354394631309e-09
6701,0.0,6.5727667752923935e-09
6702,0.0,6.566128529783555e-09
6703,0.0,6.5596044152016475e-09
6704,0.0,6.553054543445569e-09
6705,0.0,6.546429176523816e-09
6706,0.0,6.5399112791908465e-09
6707,0.0,6.533506624606389e-09
6708,0.0,6.526780449434e-09
6709,0.0,6.520338047266705e-09
6710,0.0,6.513706463096014e-09
6711,0.0,6.507415495349278e-09
6712,0.0,6.500739946346812e-09
6713,0.0,6.49434817034944e-09
6714,0.0,6.487716142089539e-09
6715,0.0,6.481331027430315e-09
6716,0.0,6.474850877680183e-09
6717,0.0,6.468364066591903e-09
6718,0.0,6.461833734761058e-09
6719,0.0,6.455492584933609e-09
6720,0.0,6.4489680262624915e-09
6721,0.0,6.442424815844561e-09
6722,0.0,6.43614672668491e-09
6723,0.0,6.429717203104701e-09
6724,0.0,6.4230789575958624e-09
6725,0.0,6.416851494606135e-09
6726,0.0,6.410314501437142e-09
6727,0.0,6.403928942688708e-09
6728,0.0,6.397650853529058e-09
6729,0.0,6.39106989552829e-09
6730,0.0,6.384817119453601e-09
6731,0.0,6.378431560705167e-09
6732,0.0,6.371970506791058e-09
6733,0.0,6.365667104546446e-09
6734,0.0,6.359237580966237e-09
6735,0.0,6.353003900727572e-09
6736,0.0,6.346586811645238e-09
6737,0.0,6.34003693988916e-09
6738,0.0,6.333860103069355e-09
6739,0.0,6.327424362240208e-09
6740,0.0,6.321272394416155e-09
6741,0.0,6.314760714332124e-09
6742,0.0,6.308533251342396e-09
6743,0.0,6.302198318763885e-09
6744,0.0,6.296014820605933e-09
6745,0.0,6.289572862527848e-09
6746,0.0,6.283433773290881e-09
6747,0.0,6.276947406291811e-09
6748,0.0,6.270820751552719e-09
6749,0.0,6.264587071314054e-09
6750,0.0,6.258213947063496e-09
6751,0.0,6.252037110243691e-09
6752,0.0,6.24570217766518e-09
6753,0.0,6.239569305677151e-09
6754,0.0,6.233341842687423e-09
6755,0.0,6.227108162448758e-09
6756,0.0,6.2208300732891075e-09
6757,0.0,6.2145835144633566e-09
6758,0.0,6.208349834224691e-09
6759,0.0,6.202147684319925e-09
6760,0.0,6.196014812331896e-09
6761,0.0,6.189894818930952e-09
6762,0.0,6.183660694603077e-09
6763,0.0,6.177382605443427e-09
6764,0.0,6.171250177544607e-09
6765,0.0,6.16502271455488e-09
6766,0.0,6.15888984256685e-09
6767,0.0,6.152668596826061e-09
6768,0.0,6.146561037922993e-09
6769,0.0,6.1404343831839014e-09
6770,0.0,6.134200702945236e-09
6771,0.0,6.128181517794928e-09
6772,0.0,6.121947837556263e-09
6773,0.0,6.116048556492615e-09
6774,0.0,6.1098148762539495e-09
6775,0.0,6.103694882853006e-09
6776,0.0,6.097562010864976e-09
6777,0.0,6.091517512629707e-09
6778,0.0,6.0853913019798256e-09
6779,0.0,6.079258429991796e-09
6780,0.0,6.073252123428574e-09
6781,0.0,6.067147673149975e-09
6782,0.0,6.061024127035353e-09
6783,0.0,6.054995616011638e-09
6784,0.0,6.048900935695656e-09
6785,0.0,6.042923050841864e-09
6786,0.0,6.0367995047272416e-09
6787,0.0,6.030799415412957e-09
6788,0.0,6.024890808475902e-09
6789,0.0,6.018786358197303e-09
6790,0.0,6.0128177992169185e-09
6791,0.0,6.006688479942568e-09
6792,0.0,6.000694607877222e-09
6793,0.0,5.994735374770244e-09
6794,0.0,5.9887352854559595e-09
6795,0.0,5.9828142440210286e-09
6796,0.0,5.976814154706744e-09
6797,0.0,5.9707536692599206e-09
6798,0.0,5.96486104953442e-09
6799,0.0,5.958940008099489e-09
6800,0.0,5.952990100865918e-09
6801,0.0,5.946980685678227e-09
6802,0.0,5.940986813612881e-09
6803,0.0,5.935141267343624e-09
6804,0.0,5.929128743531464e-09
6805,0.0,5.923286305886677e-09
6806,0.0,5.9172640121119e-09
6807,0.0,5.911535705394044e-09
6808,0.0,5.905440580988852e-09
6809,0.0,5.899513322304983e-09
6810,0.0,5.893683763247282e-09
6811,0.0,5.88776538634761e-09
6812,0.0,5.8818221404521864e-09
6813,0.0,5.876040098939939e-09
6814,0.0,5.870096853044515e-09
6815,0.0,5.864292607071775e-09
6816,0.0,5.858348917087142e-09
6817,0.0,5.85251935802944e-09
6818,0.0,5.846598316594509e-09
6819,0.0,5.840857131289567e-09
6820,0.0,5.834976946061943e-09
6821,0.0,5.829134952506365e-09
6822,0.0,5.823330262444415e-09
6823,0.0,5.817488268888837e-09
6824,0.0,5.811658709831136e-09
6825,0.0,5.805765646016425e-09
6826,0.0,5.800037339298569e-09
6827,0.0,5.794302371242566e-09
6828,0.0,5.7883968729299795e-09
6829,0.0,5.782655687625038e-09
6830,0.0,5.776927380907182e-09
6831,0.0,5.771034317092472e-09
6832,0.0,5.765306010374616e-09
6833,0.0,5.759571042318612e-09
6834,0.0,5.753842291511546e-09
6835,0.0,5.748063358623767e-09
6836,0.0,5.742322173318826e-09
6837,0.0,5.7366031924743766e-09
6838,0.0,5.730767416167737e-09
6839,0.0,5.725133256362369e-09
6840,0.0,5.719329010389629e-09
6841,0.0,5.713701511922409e-09
6842,0.0,5.707969652490874e-09
6843,0.0,5.702165406518134e-09
6844,0.0,5.696531690801976e-09
6845,0.0,5.691005444674602e-09
6846,0.0,5.685128368071446e-09
6847,0.0,5.679494652355288e-09
6848,0.0,5.67377211879716e-09
6849,0.0,5.668040703454835e-09
6850,0.0,5.662419422236553e-09
6851,0.0,5.656785706520395e-09
6852,0.0,5.651268342177218e-09
6853,0.0,5.645432565870578e-09
6854,0.0,5.639808176027827e-09
6855,0.0,5.634307242985415e-09
6856,0.0,5.628578492178349e-09
6857,0.0,5.622954102335598e-09
6858,0.0,5.61723201286668e-09
6859,0.0,5.611607623023929e-09
6860,0.0,5.6060813768965545e-09
6861,0.0,5.600482300138765e-09
6862,0.0,5.594854801671545e-09
6863,0.0,5.589230411828794e-09
6864,0.0,5.5837134915748265e-09
6865,0.0,5.578110862103358e-09
6866,0.0,5.572587724600453e-09
6867,0.0,5.566966443382171e-09
6868,0.0,5.5615001492981264e-09
6869,0.0,5.555799820200491e-09
6870,0.0,5.550273574073117e-09
6871,0.0,5.544655401479304e-09
6872,0.0,5.539163794310298e-09
6873,0.0,5.533536295843078e-09
6874,0.0,5.528013158340173e-09
6875,0.0,5.52257173325188e-09
6876,0.0,5.5170548129979124e-09
6877,0.0,5.511560097204438e-09
6878,0.0,5.50604317695047e-09
6879,0.0,5.500576438777216e-09
6880,0.0,5.495078614359272e-09
6881,0.0,5.489454224516521e-09
6882,0.0,5.483962617347515e-09
6883,0.0,5.478594022889638e-09
6884,0.0,5.473102415720632e-09
6885,0.0,5.467585495466665e-09
6886,0.0,5.4621187572934105e-09
6887,0.0,5.45672840246425e-09
6888,0.0,5.451110229870437e-09
6889,0.0,5.44577005712199e-09
6890,0.0,5.440354389207869e-09
6891,0.0,5.434868999287801e-09
6892,0.0,5.429326765948872e-09
6893,0.0,5.4240119062853864e-09
6894,0.0,5.4186273246159544e-09
6895,0.0,5.41316103053191e-09
6896,0.0,5.40777023161354e-09
6897,0.0,5.402303937529496e-09
6898,0.0,5.396913138611126e-09
6899,0.0,5.391478374860981e-09
6900,0.0,5.386062262857649e-09
6901,0.0,5.380832668322455e-09
6902,0.0,5.375442313493295e-09
6903,0.0,5.3699316104882655e-09
6904,0.0,5.3646922459904545e-09
6905,0.0,5.359257482240309e-09
6906,0.0,5.353948839825762e-09
6907,0.0,5.3486122197909935e-09
6908,0.0,5.343221420872624e-09
6909,0.0,5.337868813626301e-09
6910,0.0,5.332478014707931e-09
6911,0.0,5.327140950583953e-09
6912,0.0,5.3218642825925144e-09
6913,0.0,5.316498796759106e-09
6914,0.0,5.311370010474548e-09
6915,0.0,5.3059858728943254e-09
6916,0.0,5.300651917394816e-09
6917,0.0,5.2953468276939475e-09
6918,0.0,5.290012872194438e-09
6919,0.0,5.284672699445991e-09
6920,0.0,5.279398695989812e-09
6921,0.0,5.274159775581211e-09
6922,0.0,5.2688355900443185e-09
6923,0.0,5.263697477886353e-09
6924,0.0,5.258196100754731e-09
6925,0.0,5.253159240936611e-09
6926,0.0,5.247835055399719e-09
6927,0.0,5.242551726070133e-09
6928,0.0,5.237322131534938e-09
6929,0.0,5.232095645624213e-09
6930,0.0,5.2270681116795e-09
6931,0.0,5.221734600269201e-09
6932,0.0,5.216454379564084e-09
6933,0.0,5.211129749937982e-09
6934,0.0,5.205903708116466e-09
6935,0.0,5.200819330752893e-09
6936,0.0,5.195545327296713e-09
6937,0.0,5.190369467555911e-09
6938,0.0,5.1851904991906395e-09
6939,0.0,5.180017748074306e-09
6940,0.0,5.17473441874472e-09
6941,0.0,5.169808137139853e-09
6942,0.0,5.164534133683674e-09
6943,0.0,5.159358273942871e-09
6944,0.0,5.1543369572470965e-09
6945,0.0,5.149063397880127e-09
6946,0.0,5.143883985425646e-09
6947,0.0,5.138711234309312e-09
6948,0.0,5.13353537456851e-09
6949,0.0,5.128413249622099e-09
6950,0.0,5.123367063930573e-09
6951,0.0,5.118194312814239e-09
6952,0.0,5.113065526529681e-09
6953,0.0,5.10794340158327e-09
6954,0.0,5.102922084887496e-09
6955,0.0,5.097749333771162e-09
6956,0.0,5.092700039455167e-09
6957,0.0,5.087527288338833e-09
6958,0.0,5.082556597812982e-09
6959,0.0,5.077434028777361e-09
6960,0.0,5.0723625300008734e-09
6961,0.0,5.067265718139424e-09
6962,0.0,5.0622506186925875e-09
6963,0.0,5.057077867576254e-09
6964,0.0,5.052107177050402e-09
6965,0.0,5.047060991358876e-09
6966,0.0,5.041891348867011e-09
6967,0.0,5.0369775017600205e-09
6968,0.0,5.031830063728648e-09
6969,0.0,5.0269099993727195e-09
6970,0.0,5.0219015612640305e-09
6971,0.0,5.0168549314832944e-09
6972,0.0,5.011783432706807e-09
6973,0.0,5.006862924261668e-09
6974,0.0,5.001775438273626e-09
6975,0.0,4.996805191836984e-09
6976,0.0,4.991790092390147e-09
6977,0.0,4.986850932198195e-09
6978,0.0,4.981779433421707e-09
6979,0.0,4.976894008024146e-09
6980,0.0,4.971822509247659e-09
6981,0.0,4.96681362704976e-09
6982,0.0,4.961921984403261e-09
6983,0.0,4.9569073290456345e-09
6984,0.0,4.951911325434821e-09
6985,0.0,4.947003695576768e-09
6986,0.0,4.942011244679634e-09
6987,0.0,4.937148023742566e-09
6988,0.0,4.932312780425718e-09
6989,0.0,4.9271968727282456e-09
6990,0.0,4.922352747627201e-09
6991,0.0,4.917398044312904e-09
6992,0.0,4.9125095102908745e-09
6993,0.0,4.9075481456384296e-09
6994,0.0,4.9026596116164e-09
6995,0.0,4.897875438558685e-09
6996,0.0,4.892961591451694e-09
6997,0.0,4.887974913714288e-09
6998,0.0,4.883010884526584e-09
6999,0.0,4.8781254591290235e-09
7000,0.0,4.873344394695778e-09
7001,0.0,4.868433656213256e-09
7002,0.0,4.863595748361149e-09
7003,0.0,4.85873563604855e-09
7004,0.0,4.853903945445381e-09
7005,0.0,4.849024737296759e-09
7006,0.0,4.8442658773240055e-09
7007,0.0,4.839377343301976e-09
7008,0.0,4.8345420999851285e-09
7009,0.0,4.829587396670831e-09
7010,0.0,4.824749488818725e-09
7011,0.0,4.819971533009948e-09
7012,0.0,4.815142951031248e-09
7013,0.0,4.810431164514739e-09
7014,0.0,4.8055457391171785e-09
7015,0.0,4.8008690356482475e-09
7016,0.0,4.796084418501323e-09
7017,0.0,4.791227414813193e-09
7018,0.0,4.786399276923703e-09
7019,0.0,4.781570694945003e-09
7020,0.0,4.776786077798079e-09
7021,0.0,4.772005013364833e-09
7022,0.0,4.767151118301172e-09
7023,0.0,4.762575223082877e-09
7024,0.0,4.757791050025162e-09
7025,0.0,4.753019311465323e-09
7026,0.0,4.748190729486623e-09
7027,0.0,4.743463399847769e-09
7028,0.0,4.738710757123954e-09
7029,0.0,4.734030500941344e-09
7030,0.0,4.7292463278836294e-09
7031,0.0,4.724518554155566e-09
7032,0.0,4.719791224516712e-09
7033,0.0,4.715120738296719e-09
7034,0.0,4.710342782487942e-09
7035,0.0,4.705615008759878e-09
7036,0.0,4.701039113541583e-09
7037,0.0,4.696261157732806e-09
7038,0.0,4.691438793003044e-09
7039,0.0,4.686913523954672e-09
7040,0.0,4.682186194315818e-09
7041,0.0,4.677518816720294e-09
7042,0.0,4.672892295332076e-09
7043,0.0,4.668164965693222e-09
7044,0.0,4.663544661553942e-09
7045,0.0,4.658817331915088e-09
7046,0.0,4.65419081052687e-09
7047,0.0,4.649469698136954e-09
7048,0.0,4.644893802918659e-09
7049,0.0,4.640169581904274e-09
7050,0.0,4.63565053010484e-09
7051,0.0,4.630922756376776e-09
7052,0.0,4.62640992182628e-09
7053,0.0,4.621685700811895e-09
7054,0.0,4.617116022842538e-09
7055,0.0,4.612388693203684e-09
7056,0.0,4.607793702149365e-09
7057,0.0,4.603170733474826e-09
7058,0.0,4.598556646584484e-09
7059,0.0,4.594082003706035e-09
7060,0.0,4.589461699566755e-09
7061,0.0,4.584838730892216e-09
7062,0.0,4.580344992177743e-09
7063,0.0,4.575633205661234e-09
7064,0.0,4.5711581186935746e-09
7065,0.0,4.566538258643504e-09
7066,0.0,4.561921063128693e-09
7067,0.0,4.5573265161635845e-09
7068,0.0,4.552861199158542e-09
7069,0.0,4.548240895019262e-09
7070,0.0,4.543671217049905e-09
7071,0.0,4.539231213129824e-09
7072,0.0,4.53471216133039e-09
7073,0.0,4.530044783734866e-09
7074,0.0,4.525576358105354e-09
7075,0.0,4.5209906929244426e-09
7076,0.0,4.516516050045993e-09
7077,0.0,4.512056950289889e-09
7078,0.0,4.507664019826052e-09
7079,0.0,4.502946016060605e-09
7080,0.0,4.4984367342237874e-09
7081,0.0,4.49398696034109e-09
7082,0.0,4.489477678504272e-09
7083,0.0,4.485008808785551e-09
7084,0.0,4.480575022114408e-09
7085,0.0,4.476109705109366e-09
7086,0.0,4.471596870558869e-09
7087,0.0,4.4671062404688655e-09
7088,0.0,4.462697766882684e-09
7089,0.0,4.458210245417149e-09
7090,0.0,4.4537955545820296e-09
7091,0.0,4.449285828656002e-09
7092,0.0,4.4447858726925915e-09
7093,0.0,4.440428025276333e-09
7094,0.0,4.43599423860519e-09
7095,0.0,4.431535138849085e-09
7096,0.0,4.427148869723396e-09
7097,0.0,4.422632926548431e-09
7098,0.0,4.418148513707365e-09
7099,0.0,4.413790666291106e-09
7100,0.0,4.409350218281816e-09
7101,0.0,4.404938636071165e-09
7102,0.0,4.400555475569945e-09
7103,0.0,4.396197628153686e-09
7104,0.0,4.3918078063143184e-09
7105,0.0,4.387399332728137e-09
7106,0.0,4.383022389475855e-09
7107,0.0,4.3786392289746345e-09
7108,0.0,4.374224094050305e-09
7109,0.0,4.369939077264462e-09
7110,0.0,4.3654799775083575e-09
7111,0.0,4.361153660425998e-09
7112,0.0,4.356757621337692e-09
7113,0.0,4.3524566173402945e-09
7114,0.0,4.348060578251989e-09
7115,0.0,4.3437342611696295e-09
7116,0.0,4.3394394744211695e-09
7117,0.0,4.335043435332864e-09
7118,0.0,4.330660274831644e-09
7119,0.0,4.3264223315020445e-09
7120,0.0,4.322026292413739e-09
7121,0.0,4.317690205368763e-09
7122,0.0,4.313401635869241e-09
7123,0.0,4.309006040870145e-09
7124,0.0,4.304679723787785e-09
7125,0.0,4.3004351191200385e-09
7126,0.0,4.296178079954416e-09
7127,0.0,4.291940136624817e-09
7128,0.0,4.287582289208558e-09
7129,0.0,4.28322133316783e-09
7130,0.0,4.278964294002208e-09
7131,0.0,4.274675724502686e-09
7132,0.0,4.270418685337063e-09
7133,0.0,4.266155428922502e-09
7134,0.0,4.2619014983813486e-09
7135,0.0,4.257613372971036e-09
7136,0.0,4.2533625510543516e-09
7137,0.0,4.249137042222628e-09
7138,0.0,4.244870677183599e-09
7139,0.0,4.240670481436837e-09
7140,0.0,4.2363379471055396e-09
7141,0.0,4.232226125111538e-09
7142,0.0,4.22795354282357e-09
7143,0.0,4.223696503657948e-09
7144,0.0,4.219477656164372e-09
7145,0.0,4.215268134544203e-09
7146,0.0,4.211036408463542e-09
7147,0.0,4.206889947511172e-09
7148,0.0,4.202664438679449e-09
7149,0.0,4.198464242932687e-09
7150,0.0,4.194229408227557e-09
7151,0.0,4.190054969654966e-09
7152,0.0,4.185851665283735e-09
7153,0.0,4.18163237370095e-09
7154,0.0,4.177435730667867e-09
7155,0.0,4.173260848006066e-09
7156,0.0,4.169095291217673e-09
7157,0.0,4.164990130561819e-09
7158,0.0,4.160717104184641e-09
7159,0.0,4.156649691111625e-09
7160,0.0,4.15242773499358e-09
7161,0.0,4.148378973667377e-09
7162,0.0,4.1441570175493325e-09
7163,0.0,4.140032761057455e-09
7164,0.0,4.1358609870201235e-09
7165,0.0,4.131692321607261e-09
7166,0.0,4.127621799909775e-09
7167,0.0,4.123481556206343e-09
7168,0.0,4.119357299714466e-09
7169,0.0,4.115236151847057e-09
7170,0.0,4.111181173271916e-09
7171,0.0,4.1070600254045075e-09
7172,0.0,4.102945538875247e-09
7173,0.0,4.098821282383369e-09
7174,0.0,4.094655725594976e-09
7175,0.0,4.090648264565289e-09
7176,0.0,4.086482707776895e-09
7177,0.0,4.0824090774549404e-09
7178,0.0,4.078307025423555e-09
7179,0.0,4.07423650372607e-09
7180,0.0,4.070172199277522e-09
7181,0.0,4.066104342115295e-09
7182,0.0,4.062096881085608e-09
7183,0.0,4.0580832028069835e-09
7184,0.0,4.054000246611622e-09
7185,0.0,4.04988842461762e-09
7186,0.0,4.0458241201690726e-09
7187,0.0,4.041816659139386e-09
7188,0.0,4.037752354690838e-09
7189,0.0,4.0336689544062665e-09
7190,0.0,4.029655276127642e-09
7191,0.0,4.025610067515117e-09
7192,0.0,4.021637245443799e-09
7193,0.0,4.017661314748011e-09
7194,0.0,4.013597010299463e-09
7195,0.0,4.009551801686939e-09
7196,0.0,4.005480835900244e-09
7197,0.0,4.001606157544302e-09
7198,0.0,3.997604913763553e-09
7199,0.0,3.993622765818827e-09
7200,0.0,3.989564678619217e-09
7201,0.0,3.9855510003405925e-09
7202,0.0,3.981631913063666e-09
7203,0.0,3.9776311133721265e-09
7204,0.0,3.973598339257478e-09
7205,0.0,3.96974231264835e-09
7206,0.0,3.965766381952562e-09
7207,0.0,3.9617149560911e-09
7208,0.0,3.957833616397011e-09
7209,0.0,3.953832372616262e-09
7210,0.0,3.949856441920474e-09
7211,0.0,3.945956450479571e-09
7212,0.0,3.9419902897464e-09
7213,0.0,3.937925985297852e-09
7214,0.0,3.934107706271561e-09
7215,0.0,3.930131775575774e-09
7216,0.0,3.926238001383808e-09
7217,0.0,3.922312696857944e-09
7218,0.0,3.918343427500304e-09
7219,0.0,3.9144461005946596e-09
7220,0.0,3.910527457406943e-09
7221,0.0,3.906652334961791e-09
7222,0.0,3.902707934599903e-09
7223,0.0,3.898833256243961e-09
7224,0.0,3.894917277591503e-09
7225,0.0,3.891093225405484e-09
7226,0.0,3.8871235119586345e-09
7227,0.0,3.883232846391138e-09
7228,0.0,3.879307541865273e-09
7229,0.0,3.875489706928192e-09
7230,0.0,3.871519993481343e-09
7231,0.0,3.867799858170429e-09
7232,0.0,3.863931397063425e-09
7233,0.0,3.8599869967015366e-09
7234,0.0,3.856166053139987e-09
7235,0.0,3.85224696586306e-09
7236,0.0,3.848390939253932e-09
7237,0.0,3.8446330563601805e-09
7238,0.0,3.840707751834316e-09
7239,0.0,3.836893025521704e-09
7240,0.0,3.8330876250824986e-09
7241,0.0,3.8292697901454176e-09
7242,0.0,3.825397776324735e-09
7243,0.0,3.821586158636592e-09
7244,0.0,3.8177336847411425e-09
7245,0.0,3.813915405714852e-09
7246,0.0,3.8101513055721625e-09
7247,0.0,3.806276627216221e-09
7248,0.0,3.802455239565461e-09
7249,0.0,3.798738212879016e-09
7250,0.0,3.7949363651534895e-09
7251,0.0,3.7911749295460595e-09
7252,0.0,3.787258950893602e-09
7253,0.0,3.783529489709281e-09
7254,0.0,3.779765389566592e-09
7255,0.0,3.776016832546247e-09
7256,0.0,3.772252288314348e-09
7257,0.0,3.768349188248976e-09
7258,0.0,3.764613509815717e-09
7259,0.0,3.760912026251617e-09
7260,0.0,3.757094191314536e-09
7261,0.0,3.753424682173545e-09
7262,0.0,3.749660582030856e-09
7263,0.0,3.7459120250105116e-09
7264,0.0,3.74218567245066e-09
7265,0.0,3.738320319968125e-09
7266,0.0,3.73457176294778e-09
7267,0.0,3.730832531800843e-09
7268,0.0,3.72713770957489e-09
7269,0.0,3.7234082483905695e-09
7270,0.0,3.7197007696221362e-09
7271,0.0,3.7160248211876024e-09
7272,0.0,3.712222751417471e-09
7273,0.0,3.7085372550649254e-09
7274,0.0,3.704842432838973e-09
7275,0.0,3.701122297528059e-09
7276,0.0,3.6974212580531685e-09
7277,0.0,3.6937894964950146e-09
7278,0.0,3.690091565644593e-09
7279,0.0,3.6863652130847413e-09
7280,0.0,3.6826262039824087e-09
7281,0.0,3.6790512858431157e-09
7282,0.0,3.675369120159644e-09
7283,0.0,3.6716680806847535e-09
7284,0.0,3.6679510539983085e-09
7285,0.0,3.6643321710272403e-09
7286,0.0,3.660630909507745e-09
7287,0.0,3.656961400366754e-09
7288,0.0,3.653291891225763e-09
7289,0.0,3.649698099295051e-09
7290,0.0,3.646078994279378e-09
7291,0.0,3.642409485138387e-09
7292,0.0,3.638790380122714e-09
7293,0.0,3.6350955578967614e-09
7294,0.0,3.6314766749256933e-09
7295,0.0,3.627907974035338e-09
7296,0.0,3.62424490418789e-09
7297,0.0,3.620619581923279e-09
7298,0.0,3.6169247596973264e-09
7299,0.0,3.613362498100514e-09
7300,0.0,3.609692988959523e-09
7301,0.0,3.606124510113773e-09
7302,0.0,3.602454778928177e-09
7303,0.0,3.5989369262523496e-09
7304,0.0,3.595336695028095e-09
7305,0.0,3.591660968638166e-09
7306,0.0,3.588199737336595e-09
7307,0.0,3.5845302281956037e-09
7308,0.0,3.5809175624734735e-09
7309,0.0,3.577412144295522e-09
7310,0.0,3.573843665449772e-09
7311,0.0,3.5701772649332497e-09
7312,0.0,3.5666656295063603e-09
7313,0.0,3.563116024452029e-09
7314,0.0,3.5595981717762015e-09
7315,0.0,3.5559348798841484e-09
7316,0.0,3.552416805163716e-09
7317,0.0,3.5488705307784585e-09
7318,0.0,3.5452514257627854e-09
7319,0.0,3.5418092902972376e-09
7320,0.0,3.538209059072983e-09
7321,0.0,3.5346943150216248e-09
7322,0.0,3.5311447099672932e-09
7323,0.0,3.527633074540404e-09
7324,0.0,3.5240645956946537e-09
7325,0.0,3.5205940385196755e-09
7326,0.0,3.517031776922863e-09
7327,0.0,3.5135327980384545e-09
7328,0.0,3.5100147233180223e-09
7329,0.0,3.506493762017726e-09
7330,0.0,3.5029821265908367e-09
7331,0.0,3.4994767084128853e-09
7332,0.0,3.4959934946954263e-09
7333,0.0,3.4924438896410948e-09
7334,0.0,3.4890332845094463e-09
7335,0.0,3.485562727334468e-09
7336,0.0,3.4820573091565166e-09
7337,0.0,3.478498378228778e-09
7338,0.0,3.475024490384726e-09
7339,0.0,3.4716138852530776e-09
7340,0.0,3.4681495453270372e-09
7341,0.0,3.4646947533190087e-09
7342,0.0,3.4612115396015497e-09
7343,0.0,3.457712560717141e-09
7344,0.0,3.454292407667481e-09
7345,0.0,3.4508313984105143e-09
7346,0.0,3.447360841235536e-09
7347,0.0,3.4439184837253833e-09
7348,0.0,3.440548956845646e-09
7349,0.0,3.4370879475886795e-09
7350,0.0,3.4335161380738555e-09
7351,0.0,3.4301181894846877e-09
7352,0.0,3.4267424453560125e-09
7353,0.0,3.4233507140157826e-09
7354,0.0,3.4198675002983236e-09
7355,0.0,3.4164442386241944e-09
7356,0.0,3.4130493986594956e-09
7357,0.0,3.4096829804042272e-09
7358,0.0,3.406263049399172e-09
7359,0.0,3.4027671791392322e-09
7360,0.0,3.399400760883964e-09
7361,0.0,3.3959868250832415e-09
7362,0.0,3.3926015330365544e-09
7363,0.0,3.3892066930718556e-09
7364,0.0,3.385843605485661e-09
7365,0.0,3.38247074793685e-09
7366,0.0,3.3791012210571125e-09
7367,0.0,3.3756621942160336e-09
7368,0.0,3.3723399628371453e-09
7369,0.0,3.368970435957408e-09
7370,0.0,3.3656073483712134e-09
7371,0.0,3.362240930115945e-09
7372,0.0,3.3588840597786884e-09
7373,0.0,3.3554954370629275e-09
7374,0.0,3.352176536353113e-09
7375,0.0,3.3488101180978447e-09
7376,0.0,3.345497434636968e-09
7377,0.0,3.342127685712626e-09
7378,0.0,3.3387645981264313e-09
7379,0.0,3.335445475372012e-09
7380,0.0,3.3320790571167436e-09
7381,0.0,3.3287790301983478e-09
7382,0.0,3.3254157205675483e-09
7383,0.0,3.322096819857734e-09
7384,0.0,3.3187841363968573e-09
7385,0.0,3.315417718141589e-09
7386,0.0,3.312117691223193e-09
7387,0.0,3.3088491946386966e-09
7388,0.0,3.305492102256835e-09
7389,0.0,3.3021352319195785e-09
7390,0.0,3.2989742049238657e-09
7391,0.0,3.2956108952930663e-09
7392,0.0,3.2923488380021126e-09
7393,0.0,3.2890643542060616e-09
7394,0.0,3.285707483868805e-09
7395,0.0,3.2824454265778513e-09
7396,0.0,3.2791451776148506e-09
7397,0.0,3.275883120323897e-09
7398,0.0,3.27263038890635e-09
7399,0.0,3.269346127154904e-09
7400,0.0,3.2660807391948765e-09
7401,0.0,3.2627838209009496e-09
7402,0.0,3.259471137440073e-09
7403,0.0,3.2563509666516666e-09
7404,0.0,3.253035174566321e-09
7405,0.0,3.2497351476479253e-09
7406,0.0,3.2464761989814406e-09
7407,0.0,3.2432991847741732e-09
7408,0.0,3.2400433447321575e-09
7409,0.0,3.236739987144688e-09
7410,0.0,3.2335063515631646e-09
7411,0.0,3.2304146024841884e-09
7412,0.0,3.227051514897994e-09
7413,0.0,3.2238334224388154e-09
7414,0.0,3.2206817213165095e-09
7415,0.0,3.2174007902341373e-09
7416,0.0,3.2141984629419085e-09
7417,0.0,3.211018340110172e-09
7418,0.0,3.207822674156091e-09
7419,0.0,3.2044720210677724e-09
7420,0.0,3.201392928531277e-09
7421,0.0,3.198143305738199e-09
7422,0.0,3.1949254353236256e-09
7423,0.0,3.191767516952382e-09
7424,0.0,3.1885432072442654e-09
7425,0.0,3.1854010540399713e-09
7426,0.0,3.182182961580793e-09
7427,0.0,3.1790472476700415e-09
7428,0.0,3.1758544682958245e-09
7429,0.0,3.1726838933821e-09
7430,0.0,3.169488005383414e-09
7431,0.0,3.1663205390941584e-09
7432,0.0,3.163191042432345e-09
7433,0.0,3.159995154433659e-09
7434,0.0,3.1568245795199346e-09
7435,0.0,3.1535813960203996e-09
7436,0.0,3.150514960026385e-09
7437,0.0,3.1473506023615982e-09
7438,0.0,3.1442306536177966e-09
7439,0.0,3.141019000452161e-09
7440,0.0,3.138006299252538e-09
7441,0.0,3.1347882067933597e-09
7442,0.0,3.1316460535890656e-09
7443,0.0,3.1285829482641248e-09
7444,0.0,3.1254090426813264e-09
7445,0.0,3.1223426066873117e-09
7446,0.0,3.119127844897207e-09
7447,0.0,3.116036317862836e-09
7448,0.0,3.1129192556988983e-09
7449,0.0,3.1098055242040346e-09
7450,0.0,3.10673908821002e-09
7451,0.0,3.103625356715156e-09
7452,0.0,3.1005085165958235e-09
7453,0.0,3.0973632547670604e-09
7454,0.0,3.0942968187730457e-09
7455,0.0,3.091236822072574e-09
7456,0.0,3.088132416451117e-09
7457,0.0,3.0850659804571023e-09
7458,0.0,3.0819018448369206e-09
7459,0.0,3.078835408842906e-09
7460,0.0,3.075775412142434e-09
7461,0.0,3.0726583499784965e-09
7462,0.0,3.0696456487788737e-09
7463,0.0,3.0665414652020218e-09
7464,0.0,3.063481246456945e-09
7465,0.0,3.060468545257322e-09
7466,0.0,3.0574023313079124e-09
7467,0.0,3.0542885998130487e-09
7468,0.0,3.0512883331113017e-09
7469,0.0,3.048174601616438e-09
7470,0.0,3.045168339710358e-09
7471,0.0,3.042067264757975e-09
7472,0.0,3.039128726456397e-09
7473,0.0,3.036066953399086e-09
7474,0.0,3.033003848074145e-09
7475,0.0,3.0299547315593145e-09
7476,0.0,3.026940476047457e-09
7477,0.0,3.0238804793469853e-09
7478,0.0,3.0208788803776088e-09
7479,0.0,3.017848637654197e-09
7480,0.0,3.0148485929970548e-09
7481,0.0,3.0118374461096664e-09
7482,0.0,3.008823190597809e-09
7483,0.0,3.005775850439818e-09
7484,0.0,3.002843529387178e-09
7485,0.0,2.9997946349169524e-09
7486,0.0,2.9967346382164806e-09
7487,0.0,2.9938591605827014e-09
7488,0.0,2.9907991638822295e-09
7489,0.0,2.98780689078626e-09
7490,0.0,2.98484481575656e-09
7491,0.0,2.9819220426219317e-09
7492,0.0,2.97886204592146e-09
7493,0.0,2.9759423814113006e-09
7494,0.0,2.9728823847108288e-09
7495,0.0,2.9698854486781556e-09
7496,0.0,2.9669564582945895e-09
7497,0.0,2.9639564136374474e-09
7498,0.0,2.961060507900015e-09
7499,0.0,2.958081113391131e-09
7500,0.0,2.955134581483776e-09
7501,0.0,2.9521503019935835e-09
7502,0.0,2.9492592812374596e-09
7503,0.0,2.946287658289748e-09
7504,0.0,2.943325361215443e-09
7505,0.0,2.940358401204435e-09
7506,0.0,2.9374120913416846e-09
7507,0.0,2.934484655270353e-09
7508,0.0,2.9315887495329207e-09
7509,0.0,2.928617126585209e-09
7510,0.0,2.925726105829085e-09
7511,0.0,2.9227418263388927e-09
7512,0.0,2.9198521378503983e-09
7513,0.0,2.9169815451979275e-09
7514,0.0,2.9140163615437586e-09
7515,0.0,2.9111077992638457e-09
7516,0.0,2.9081930197349948e-09
7517,0.0,2.905322427082524e-09
7518,0.0,2.9023854430931806e-09
7519,0.0,2.8995148504407098e-09
7520,0.0,2.8965623233290216e-09
7521,0.0,2.893742134801869e-09
7522,0.0,2.890776729103095e-09
7523,0.0,2.8879061364506242e-09
7524,0.0,2.8850166700067348e-09
7525,0.0,2.882098781853415e-09
7526,0.0,2.879234406449882e-09
7527,0.0,2.8763385007124498e-09
7528,0.0,2.873474347353522e-09
7529,0.0,2.8706133026190628e-09
7530,0.0,2.8677820118616637e-09
7531,0.0,2.864867232332813e-09
7532,0.0,2.8619777658889234e-09
7533,0.0,2.8591609080308444e-09
7534,0.0,2.8562427978329197e-09
7535,0.0,2.853484337705936e-09
7536,0.0,2.850566449552616e-09
7537,0.0,2.8476989655246143e-09
7538,0.0,2.8448632338751167e-09
7539,0.0,2.84200996070183e-09
7540,0.0,2.83919621146822e-09
7541,0.0,2.83638246223461e-09
7542,0.0,2.8335671586887656e-09
7543,0.0,2.8306523791599147e-09
7544,0.0,2.8278386299263047e-09
7545,0.0,2.8250264350049292e-09
7546,0.0,2.8221620596013963e-09
7547,0.0,2.819349864680021e-09
7548,0.0,2.8165898502408027e-09
7549,0.0,2.8137856489252044e-09
7550,0.0,2.810976562628298e-09
7551,0.0,2.808159704770219e-09
7552,0.0,2.8053002143479944e-09
7553,0.0,2.8024864651143844e-09
7554,0.0,2.7996869267354896e-09
7555,0.0,2.796877840438583e-09
7556,0.0,2.794060982580504e-09
7557,0.0,2.7912518962835975e-09
7558,0.0,2.78850453838686e-09
7559,0.0,2.7856892348410156e-09
7560,0.0,2.7829289983571925e-09
7561,0.0,2.780120134104891e-09
7562,0.0,2.7773963129362755e-09
7563,0.0,2.7745825637026655e-09
7564,0.0,2.771824103575682e-09
7565,0.0,2.769078299991179e-09
7566,0.0,2.7662692136942724e-09
7567,0.0,2.7635060906305853e-09
7568,0.0,2.760731643292047e-09
7569,0.0,2.7580238093349863e-09
7570,0.0,2.7552780057504833e-09
7571,0.0,2.7524673651413423e-09
7572,0.0,2.7497089050143586e-09
7573,0.0,2.7469344576758203e-09
7574,0.0,2.7442266237187596e-09
7575,0.0,2.7415312242595746e-09
7576,0.0,2.7387980772175524e-09
7577,0.0,2.736000093150892e-09
7578,0.0,2.7332416330239084e-09
7579,0.0,2.7305335770222428e-09
7580,0.0,2.7278130865227013e-09
7581,0.0,2.7250546263957176e-09
7582,0.0,2.7223088228112147e-09
7583,0.0,2.7196764840198284e-09
7584,0.0,2.7168802763100075e-09
7585,0.0,2.714263702685571e-09
7586,0.0,2.7115052425585873e-09
7587,0.0,2.7087594389740843e-09
7588,0.0,2.70607669605738e-09
7589,0.0,2.7033815186428e-09
7590,0.0,2.700648149556173e-09
7591,0.0,2.69790234597167e-09
7592,0.0,2.6952891030163073e-09
7593,0.0,2.692582823371481e-09
7594,0.0,2.689837019786978e-09
7595,0.0,2.6871669334127546e-09
7596,0.0,2.684461986035558e-09
7597,0.0,2.6818456344557262e-09
7598,0.0,2.6791755480815027e-09
7599,0.0,2.6764219729358274e-09
7600,0.0,2.673751886561604e-09
7601,0.0,2.671059595726888e-09
7602,0.0,2.6684305876045755e-09
7603,0.0,2.66573696450223e-09
7604,0.0,2.6630699867524754e-09
7605,0.0,2.6604283220876823e-09
7606,0.0,2.6577471334832126e-09
7607,0.0,2.655083486402532e-09
7608,0.0,2.652388086943347e-09
7609,0.0,2.6498776506400645e-09
7610,0.0,2.647156938095918e-09
7611,0.0,2.6445026168886443e-09
7612,0.0,2.641887819621047e-09
7613,0.0,2.6392714680412155e-09
7614,0.0,2.636530327393416e-09
7615,0.0,2.6339646019835072e-09
7616,0.0,2.6312976242337527e-09
7617,0.0,2.6286954835086362e-09
7618,0.0,2.6260822405532736e-09
7619,0.0,2.6234137084912845e-09
7620,0.0,2.6208006875805268e-09
7621,0.0,2.618157468603499e-09
7622,0.0,2.615545779960371e-09
7623,0.0,2.6129325370050083e-09
7624,0.0,2.610368143862729e-09
7625,0.0,2.607726701242541e-09
7626,0.0,2.6051119039749437e-09
7627,0.0,2.602525528416777e-09
7628,0.0,2.599934267877302e-09
7629,0.0,2.597344783694666e-09
7630,0.0,2.594706227654342e-09
7631,0.0,2.592170478266098e-09
7632,0.0,2.5895334765380085e-09
7633,0.0,2.5869439923553728e-09
7634,0.0,2.5843023276905797e-09
7635,0.0,2.5817918913872973e-09
7636,0.0,2.5791517810347386e-09
7637,0.0,2.5766142552896554e-09
7638,0.0,2.574002566646527e-09
7639,0.0,2.5714161910883604e-09
7640,0.0,2.568956158910396e-09
7641,0.0,2.5663162706024423e-09
7642,0.0,2.5637423295421513e-09
7643,0.0,2.5611797127567115e-09
7644,0.0,2.5585680241135833e-09
7645,0.0,2.5560322747253394e-09
7646,0.0,2.5534963032924907e-09
7647,0.0,2.550960553904247e-09
7648,0.0,2.5483994914310415e-09
7649,0.0,2.545850863455712e-09
7650,0.0,2.5433404271524296e-09
7651,0.0,2.5407793646792243e-09
7652,0.0,2.5381896584519836e-09
7653,0.0,2.535745391440969e-09
7654,0.0,2.5331339248424456e-09
7655,0.0,2.5306232664945583e-09
7656,0.0,2.528065312645822e-09
7657,0.0,2.525541997755454e-09
7658,0.0,2.5230315614521714e-09
7659,0.0,2.5204986986437916e-09
7660,0.0,2.5179882623405092e-09
7661,0.0,2.515464947450141e-09
7662,0.0,2.5129545111468587e-09
7663,0.0,2.510472274508402e-09
7664,0.0,2.5078985554927158e-09
7665,0.0,2.5054653907119473e-09
7666,0.0,2.5029325279035675e-09
7667,0.0,2.5004378567672347e-09
7668,0.0,2.497901885334386e-09
7669,0.0,2.4954576183233712e-09
7670,0.0,2.492923423247362e-09
7671,0.0,2.490441186608905e-09
7672,0.0,2.4879212023876107e-09
7673,0.0,2.4854105440397234e-09
7674,0.0,2.482967831340943e-09
7675,0.0,2.4804573950376607e-09
7676,0.0,2.478016236651115e-09
7677,0.0,2.4755324457004235e-09
7678,0.0,2.4729998049366486e-09
7679,0.0,2.470555537925634e-09
7680,0.0,2.4681254817693343e-09
7681,0.0,2.465652793048889e-09
7682,0.0,2.4631989781198627e-09
7683,0.0,2.460731174380726e-09
7684,0.0,2.458207859490358e-09
7685,0.0,2.4557558209181707e-09
7686,0.0,2.4533335363230435e-09
7687,0.0,2.4508814977508564e-09
7688,0.0,2.4484876348651596e-09
7689,0.0,2.445980307186346e-09
7690,0.0,2.4435629075725274e-09
7691,0.0,2.4410680143915897e-09
7692,0.0,2.4386126451503287e-09
7693,0.0,2.4362205586214714e-09
7694,0.0,2.433766743692445e-09
7695,0.0,2.431302048577777e-09
7696,0.0,2.42887976398265e-09
7697,0.0,2.426453038495424e-09
7698,0.0,2.4240087714844094e-09
7699,0.0,2.4216448846203775e-09
7700,0.0,2.419214828464078e-09
7701,0.0,2.4167705614530632e-09
7702,0.0,2.414381583548675e-09
7703,0.0,2.411926214307414e-09
7704,0.0,2.409535682090791e-09
7705,0.0,2.407118282476972e-09
7706,0.0,2.4047293045725837e-09
7707,0.0,2.402352983210676e-09
7708,0.0,2.399933807240018e-09
7709,0.0,2.3975448293356294e-09
7710,0.0,2.3951305383462795e-09
7711,0.0,2.392703812859054e-09
7712,0.0,2.39036057614328e-09
7713,0.0,2.38794628515393e-09
7714,0.0,2.3855573072495417e-09
7715,0.0,2.3832440465554328e-09
7716,0.0,2.3807886773141718e-09
7717,0.0,2.3783996994097834e-09
7718,0.0,2.3760091671931605e-09
7719,0.0,2.3736455023737335e-09
7720,0.0,2.3712816155097016e-09
7721,0.0,2.3689399331061622e-09
7722,0.0,2.366550955201774e-09
7723,0.0,2.364187290382347e-09
7724,0.0,2.361814077644908e-09
7725,0.0,2.359450412825481e-09
7726,0.0,2.3570865259614493e-09
7727,0.0,2.3547228611420223e-09
7728,0.0,2.3523591963225954e-09
7729,0.0,2.350023731167994e-09
7730,0.0,2.34771069251849e-09
7731,0.0,2.3453214925694965e-09
7732,0.0,2.342980032210562e-09
7733,0.0,2.3406445670559606e-09
7734,0.0,2.3382809022365336e-09
7735,0.0,2.335992954627386e-09
7736,0.0,2.333635507056897e-09
7737,0.0,2.33127184223747e-09
7738,0.0,2.328985448940557e-09
7739,0.0,2.326624892745599e-09
7740,0.0,2.324362258221413e-09
7741,0.0,2.3219730582724196e-09
7742,0.0,2.319637815162423e-09
7743,0.0,2.317324554468314e-09
7744,0.0,2.3150161787555135e-09
7745,0.0,2.3127029180614045e-09
7746,0.0,2.310405422534245e-09
7747,0.0,2.30809549250921e-09
7748,0.0,2.305761803711448e-09
7749,0.0,2.303448543017339e-09
7750,0.0,2.301138390947699e-09
7751,0.0,2.2989010695084744e-09
7752,0.0,2.29654517625022e-09
7753,0.0,2.2942825417260337e-09
7754,0.0,2.2919850461988744e-09
7755,0.0,2.289673561861605e-09
7756,0.0,2.2873887228769263e-09
7757,0.0,2.285132305601678e-09
7758,0.0,2.2827701950944856e-09
7759,0.0,2.2805233257372493e-09
7760,0.0,2.2783157582750846e-09
7761,0.0,2.2759552020801266e-09
7762,0.0,2.273697230492644e-09
7763,0.0,2.27142837871952e-09
7764,0.0,2.2691908352356904e-09
7765,0.0,2.26688245952289e-09
7766,0.0,2.26460072916268e-09
7767,0.0,2.2623523054932093e-09
7768,0.0,2.2601212013029226e-09
7769,0.0,2.2578379166304785e-09
7770,0.0,2.2555657341882807e-09
7771,0.0,2.2533330756857595e-09
7772,0.0,2.251024699972959e-09
7773,0.0,2.248806252325153e-09
7774,0.0,2.246598684862988e-09
7775,0.0,2.2443675806727015e-09
7776,0.0,2.2420718615023816e-09
7777,0.0,2.2398423116243293e-09
7778,0.0,2.2376300812254613e-09
7779,0.0,2.2353627837645718e-09
7780,0.0,2.2330541860071662e-09
7781,0.0,2.2308610514443217e-09
7782,0.0,2.228653706026762e-09
7783,0.0,2.2264241561487097e-09
7784,0.0,2.2242057085009037e-09
7785,0.0,2.221947736913421e-09
7786,0.0,2.2197308435778496e-09
7787,0.0,2.2174981850753284e-09
7788,0.0,2.2153301415528404e-09
7789,0.0,2.2131259047597496e-09
7790,0.0,2.2109312158846706e-09
7791,0.0,2.208726757046975e-09
7792,0.0,2.2064832183588123e-09
7793,0.0,2.2042252467713297e-09
7794,0.0,2.202058757561076e-09
7795,0.0,2.199832538352098e-09
7796,0.0,2.197637627432414e-09
7797,0.0,2.195433390639323e-09
7798,0.0,2.1932671234736745e-09
7799,0.0,2.1910864234087057e-09
7800,0.0,2.1888917345336267e-09
7801,0.0,2.186687497740536e-09
7802,0.0,2.184499026114395e-09
7803,0.0,2.1823831630740642e-09
7804,0.0,2.18015983044495e-09
7805,0.0,2.177958702276328e-09
7806,0.0,2.1757893264862105e-09
7807,0.0,2.1735913069420576e-09
7808,0.0,2.171418600482866e-09
7809,0.0,2.169227020232256e-09
7810,0.0,2.1671080485674565e-09
7811,0.0,2.164935342108265e-09
7812,0.0,2.162740431188581e-09
7813,0.0,2.1606214595237816e-09
7814,0.0,2.1584236620242336e-09
7815,0.0,2.15625717281398e-09
7816,0.0,2.154112888064219e-09
7817,0.0,2.151998801380728e-09
7818,0.0,2.149854516630967e-09
7819,0.0,2.147662714335752e-09
7820,0.0,2.1454775733786846e-09
7821,0.0,2.143364818962823e-09
7822,0.0,2.1412047690461122e-09
7823,0.0,2.13907935808777e-09
7824,0.0,2.136946175568255e-09
7825,0.0,2.1348336431969983e-09
7826,0.0,2.132648280195326e-09
7827,0.0,2.130548182321945e-09
7828,0.0,2.1283770301749882e-09
7829,0.0,2.1263022453865688e-09
7830,0.0,2.1241264303029084e-09
7831,0.0,2.1220580848080317e-09
7832,0.0,2.119880493367532e-09
7833,0.0,2.117818365121593e-09
7834,0.0,2.1157120499992743e-09
7835,0.0,2.11354733714586e-09
7836,0.0,2.1114219261875178e-09
7837,0.0,2.1093251589832107e-09
7838,0.0,2.107229724046533e-09
7839,0.0,2.105142282715633e-09
7840,0.0,2.1030170938018955e-09
7841,0.0,2.1009027850737994e-09
7842,0.0,2.0988057958248874e-09
7843,0.0,2.0967136915572837e-09
7844,0.0,2.094610485059434e-09
7845,0.0,2.092497952688177e-09
7846,0.0,2.090465800463903e-09
7847,0.0,2.0883150764205993e-09
7848,0.0,2.0862260807774646e-09
7849,0.0,2.084167061155995e-09
7850,0.0,2.08209383067981e-09
7851,0.0,2.0800066113935145e-09
7852,0.0,2.0779238329993177e-09
7853,0.0,2.0758836871692665e-09
7854,0.0,2.0737600525677635e-09
7855,0.0,2.0717010329462937e-09
7856,0.0,2.069615145927628e-09
7857,0.0,2.067529480953567e-09
7858,0.0,2.065495552372454e-09
7859,0.0,2.0633972308559123e-09
7860,0.0,2.061363524319404e-09
7861,0.0,2.059277637300738e-09
7862,0.0,2.057267467492352e-09
7863,0.0,2.055161152370033e-09
7864,0.0,2.0531512046062517e-09
7865,0.0,2.0510431131270934e-09
7866,0.0,2.049006297966116e-09
7867,0.0,2.0469237416165242e-09
7868,0.0,2.0448946980167193e-09
7869,0.0,2.0428356783952495e-09
7870,0.0,2.040828839255937e-09
7871,0.0,2.038802904280601e-09
7872,0.0,2.0367423303468968e-09
7873,0.0,2.034683310725427e-09
7874,0.0,2.032657597794696e-09
7875,0.0,2.030622114901348e-09
7876,0.0,2.0286152757620357e-09
7877,0.0,2.026624201789673e-09
7878,0.0,2.0245904952531646e-09
7879,0.0,2.0225583430288907e-09
7880,0.0,2.020507317013198e-09
7881,0.0,2.018500255829281e-09
7882,0.0,2.0164840908165615e-09
7883,0.0,2.014477029632644e-09
7884,0.0,2.0124497623896787e-09
7885,0.0,2.010446031874835e-09
7886,0.0,2.0084549579024724e-09
7887,0.0,2.0064228056781985e-09
7888,0.0,2.004422183787824e-09
7889,0.0,2.00239003156355e-09
7890,0.0,2.0004020662156563e-09
7891,0.0,1.9984267574102432e-09
7892,0.0,1.99640726172845e-09
7893,0.0,1.994381326753114e-09
7894,0.0,1.9923807048627395e-09
7895,0.0,1.9904371484358307e-09
7896,0.0,1.988439635169925e-09
7897,0.0,1.986423248112601e-09
7898,0.0,1.9844670351432114e-09
7899,0.0,1.9824821784197866e-09
7900,0.0,1.980481556529412e-09
7901,0.0,1.97854732597591e-09
7902,0.0,1.9765404868365977e-09
7903,0.0,1.9745303170282114e-09
7904,0.0,1.9726025257682522e-09
7905,0.0,1.9706145604203584e-09
7906,0.0,1.968593510426331e-09
7907,0.0,1.9666750450397785e-09
7908,0.0,1.964715501401315e-09
7909,0.0,1.9627652836362586e-09
7910,0.0,1.9607806489574386e-09
7911,0.0,1.958792683609545e-09
7912,0.0,1.9568473508257966e-09
7913,0.0,1.954859385477903e-09
7914,0.0,1.9529757810943238e-09
7915,0.0,1.950990924370899e-09
7916,0.0,1.949066019690804e-09
7917,0.0,1.9470829393242184e-09
7918,0.0,1.945170691186604e-09
7919,0.0,1.943186056507784e-09
7920,0.0,1.9412391694118014e-09
7921,0.0,1.9392780714611035e-09
7922,0.0,1.937368931947958e-09
7923,0.0,1.9354093883094947e-09
7924,0.0,1.9334736034437583e-09
7925,0.0,1.9316150901005358e-09
7926,0.0,1.929630455421716e-09
7927,0.0,1.927719761596336e-09
7928,0.0,1.925779313793896e-09
7929,0.0,1.923848191864863e-09
7930,0.0,1.9219374980394832e-09
7931,0.0,1.9199781764456247e-09
7932,0.0,1.918070591244714e-09
7933,0.0,1.9161932041100727e-09
7934,0.0,1.9142305518471403e-09
7935,0.0,1.9123516104002647e-09
7936,0.0,1.910442692931724e-09
7937,0.0,1.908490920854433e-09
7938,0.0,1.906619973013335e-09
7939,0.0,1.9047377008973854e-09
7940,0.0,1.9028096875928213e-09
7941,0.0,1.900877011351554e-09
7942,0.0,1.898993406967975e-09
7943,0.0,1.8970922610606067e-09
7944,0.0,1.895186452216535e-09
7945,0.0,1.8932979628516478e-09
7946,0.0,1.8913890453831073e-09
7947,0.0,1.889541634270131e-09
7948,0.0,1.8876324947569856e-09
7949,0.0,1.8857251316006796e-09
7950,0.0,1.883839972904866e-09
7951,0.0,1.881953037852213e-09
7952,0.0,1.8800772050298065e-09
7953,0.0,1.878215583062115e-09
7954,0.0,1.876358624031127e-09
7955,0.0,1.8744323870834023e-09
7956,0.0,1.8725927475315984e-09
7957,0.0,1.8707169147091918e-09
7958,0.0,1.8688632863472776e-09
7959,0.0,1.866922616500233e-09
7960,0.0,1.8650720967627876e-09
7961,0.0,1.8632182463562685e-09
7962,0.0,1.861355181098645e-09
7963,0.0,1.8594809025884729e-09
7964,0.0,1.8576366000999656e-09
7965,0.0,1.8557639869243303e-09
7966,0.0,1.8539244583948289e-09
7967,0.0,1.8520738276350812e-09
7968,0.0,1.8502106513551553e-09
7969,0.0,1.848363240242179e-09
7970,0.0,1.846500063962253e-09
7971,0.0,1.844644770265802e-09
7972,0.0,1.8428321091334965e-09
7973,0.0,1.8410256652501289e-09
7974,0.0,1.8391751455126837e-09
7975,0.0,1.8373403909421882e-09
7976,0.0,1.8355056363716926e-09
7977,0.0,1.8336565599241794e-09
7978,0.0,1.8317902750197845e-09
7979,0.0,1.8299523008025176e-09
7980,0.0,1.8281302027745028e-09
7981,0.0,1.8263490719760966e-09
7982,0.0,1.8245110977588297e-09
7983,0.0,1.8226636866458534e-09
7984,0.0,1.8208542451603194e-09
7985,0.0,1.8190193795675214e-09
7986,0.0,1.8171846249970258e-09
7987,0.0,1.8153909486784414e-09
7988,0.0,1.813603489608795e-09
7989,0.0,1.8117687350382994e-09
7990,0.0,1.8099370890922728e-09
7991,0.0,1.8081749431075878e-09
7992,0.0,1.8063432971615612e-09
7993,0.0,1.8045085425910656e-09
7994,0.0,1.8026958814587601e-09
7995,0.0,1.800933735474075e-09
7996,0.0,1.7991241829662385e-09
7997,0.0,1.7973178501051734e-09
7998,0.0,1.7955336106822983e-09
7999,0.0,1.7937240581744618e-09
8000,0.0,1.7919146166889277e-09
8001,0.0,1.790165016224421e-09
8002,0.0,1.7883555747388868e-09
8003,0.0,1.7865507961900562e-09
8004,0.0,1.7847949784766115e-09
8005,0.0,1.782988534593244e-09
8006,0.0,1.7811822017321788e-09
8007,0.0,1.7794232753942651e-09
8008,0.0,1.777623159782138e-09
8009,0.0,1.7758657877564588e-09
8010,0.0,1.7740973135005333e-09
8011,0.0,1.7723161827021272e-09
8012,0.0,1.770563584635454e-09
8013,0.0,1.7687572517743888e-09
8014,0.0,1.7670029883731786e-09
8015,0.0,1.7652218575747725e-09
8016,0.0,1.7634786964038085e-09
8017,0.0,1.7617006742298713e-09
8018,0.0,1.7599465218509636e-09
8019,0.0,1.7581717193237978e-09
8020,0.0,1.7564284471305314e-09
8021,0.0,1.7546774033760926e-09
8022,0.0,1.7528962725776864e-09
8023,0.0,1.7511972982831026e-09
8024,0.0,1.7494051762767526e-09
8025,0.0,1.7476777802727383e-09
8026,0.0,1.7458966494743322e-09
8027,0.0,1.7441866839718045e-09
8028,0.0,1.7424055531733984e-09
8029,0.0,1.740656063731194e-09
8030,0.0,1.7389713002913254e-09
8031,0.0,1.7371901694929193e-09
8032,0.0,1.7354800929680891e-09
8033,0.0,1.7337559166108463e-09
8034,0.0,1.7319874423549209e-09
8035,0.0,1.7302868027258e-09
8036,0.0,1.7285373132835957e-09
8037,0.0,1.7267957064248662e-09
8038,0.0,1.7250998407547513e-09
8039,0.0,1.7233645621672622e-09
8040,0.0,1.721583431368856e-09
8041,0.0,1.7198986679289874e-09
8042,0.0,1.7182123501768842e-09
8043,0.0,1.7164897281318758e-09
8044,0.0,1.7147496755853808e-09
8045,0.0,1.71302694251807e-09
8046,0.0,1.7113406247659668e-09
8047,0.0,1.7096305482411367e-09
8048,0.0,1.7078810587989324e-09
8049,0.0,1.7061994039835326e-09
8050,0.0,1.7045083122724236e-09
8051,0.0,1.7028093379778397e-09
8052,0.0,1.701124574537971e-09
8053,0.0,1.6994161633476779e-09
8054,0.0,1.697668228217708e-09
8055,0.0,1.6959834647778393e-09
8056,0.0,1.6943002556502051e-09
8057,0.0,1.6926154922103365e-09
8058,0.0,1.690918072227987e-09
8059,0.0,1.6892348631003529e-09
8060,0.0,1.6875500996604842e-09
8061,0.0,1.6858905382832745e-09
8062,0.0,1.6841441574655391e-09
8063,0.0,1.6824626136724419e-09
8064,0.0,1.6807778502325732e-09
8065,0.0,1.679094641104939e-09
8066,0.0,1.6774098776650703e-09
8067,0.0,1.6757534249123296e-09
8068,0.0,1.6740939745574224e-09
8069,0.0,1.6724107654297882e-09
8070,0.0,1.6707354388856288e-09
8071,0.0,1.6690380189032794e-09
8072,0.0,1.6674069902578026e-09
8073,0.0,1.6657253354424029e-09
8074,0.0,1.6640421263147687e-09
8075,0.0,1.6623573628749e-09
8076,0.0,1.660732551478361e-09
8077,0.0,1.6590510076852638e-09
8078,0.0,1.657369352869864e-09
8079,0.0,1.6557099025149569e-09
8080,0.0,1.654134051953804e-09
8081,0.0,1.652465053680885e-09
8082,0.0,1.6508087119504467e-09
8083,0.0,1.649149150573237e-09
8084,0.0,1.647477043675849e-09
8085,0.0,1.6458679974462598e-09
8086,0.0,1.6441895622776315e-09
8087,0.0,1.6425364401939646e-09
8088,0.0,1.6408799874412239e-09
8089,0.0,1.6392900370476582e-09
8090,0.0,1.6376621170266503e-09
8091,0.0,1.6360025556494406e-09
8092,0.0,1.6343304487520527e-09
8093,0.0,1.632722956834698e-09
8094,0.0,1.6311061390439363e-09
8095,0.0,1.629479773335163e-09
8096,0.0,1.6278265402291936e-09
8097,0.0,1.6262001745204202e-09
8098,0.0,1.6245328415820381e-09
8099,0.0,1.6229838584180811e-09
8100,0.0,1.6213306253121118e-09
8101,0.0,1.6196916030608577e-09
8102,0.0,1.6181141981874703e-09
8103,0.0,1.6164626304160379e-09
8104,0.0,1.6148473669375107e-09
8105,0.0,1.6132210012287374e-09
8106,0.0,1.6116246115416288e-09
8107,0.0,1.6100045741040958e-09
8108,0.0,1.6083829823543283e-09
8109,0.0,1.6068418817738461e-09
8110,0.0,1.6051665552296868e-09
8111,0.0,1.603582822085059e-09
8112,0.0,1.6020023085872026e-09
8113,0.0,1.6003917080453789e-09
8114,0.0,1.59874480321065e-09
8115,0.0,1.5972005940056988e-09
8116,0.0,1.5955536891709698e-09
8117,0.0,1.5940221365084994e-09
8118,0.0,1.592395770799726e-09
8119,0.0,1.590780507321199e-09
8120,0.0,1.5892093196967494e-09
8121,0.0,1.5875956105304567e-09
8122,0.0,1.5860514013255056e-09
8123,0.0,1.584410824762017e-09
8124,0.0,1.5828744981405407e-09
8125,0.0,1.5812765541411977e-09
8126,0.0,1.5797196883937659e-09
8127,0.0,1.5781232987066574e-09
8128,0.0,1.5765364569375606e-09
8129,0.0,1.574947949833927e-09
8130,0.0,1.573414842859222e-09
8131,0.0,1.571816898859879e-09
8132,0.0,1.5702600331124472e-09
8133,0.0,1.568673080321048e-09
8134,0.0,1.5671273168038624e-09
8135,0.0,1.5654946228238487e-09
8136,0.0,1.5639614048268413e-09
8137,0.0,1.5623776716822135e-09
8138,0.0,1.5608334624772624e-09
8139,0.0,1.5592971358557861e-09
8140,0.0,1.5577386047738173e-09
8141,0.0,1.5561817390263855e-09
8142,0.0,1.5546233189667191e-09
8143,0.0,1.5530664532192873e-09
8144,0.0,1.5514700635321788e-09
8145,0.0,1.5499637129323673e-09
8146,0.0,1.548405292872701e-09
8147,0.0,1.5468467617907322e-09
8148,0.0,1.5453167634404963e-09
8149,0.0,1.543783545443489e-09
8150,0.0,1.542226679696057e-09
8151,0.0,1.5406713682608597e-09
8152,0.0,1.5391145025134279e-09
8153,0.0,1.5376081519136164e-09
8154,0.0,1.5360512861661846e-09
8155,0.0,1.5344928661065182e-09
8156,0.0,1.5329865155067068e-09
8157,0.0,1.5314611800931743e-09
8158,0.0,1.5299327360551729e-09
8159,0.0,1.5284010723704e-09
8160,0.0,1.5268679653956951e-09
8161,0.0,1.5253378560231567e-09
8162,0.0,1.5238109662973898e-09
8163,0.0,1.5222809679471538e-09
8164,0.0,1.5207738401912252e-09
8165,0.0,1.5192477276215755e-09
8166,0.0,1.5177421541778813e-09
8167,0.0,1.5161852884304494e-09
8168,0.0,1.5146986998004763e-09
8169,0.0,1.5131694786063576e-09
8170,0.0,1.5116639051626635e-09
8171,0.0,1.5101638828340924e-09
8172,0.0,1.5086583093903982e-09
8173,0.0,1.5071385250919889e-09
8174,0.0,1.5056400570756523e-09
8175,0.0,1.5041076162347622e-09
8176,0.0,1.5026115907090798e-09
8177,0.0,1.5011052401092684e-09
8178,0.0,1.4995870101230935e-09
8179,0.0,1.4981138551917184e-09
8180,0.0,1.4966098360602587e-09
8181,0.0,1.4951240245864028e-09
8182,0.0,1.4936184511427086e-09
8183,0.0,1.4921184288141376e-09
8184,0.0,1.4906539336223545e-09
8185,0.0,1.4891807786909794e-09
8186,0.0,1.4876483378500893e-09
8187,0.0,1.486137213291272e-09
8188,0.0,1.4846924800693273e-09
8189,0.0,1.4831869066256331e-09
8190,0.0,1.4817264082367387e-09
8191,0.0,1.4801970760203176e-09
8192,0.0,1.4787870927790436e-09
8193,0.0,1.477288624762707e-09
8194,0.0,1.4757988164859626e-09
8195,0.0,1.4743509746395489e-09
8196,0.0,1.4728335218094912e-09
8197,0.0,1.471363475502585e-09
8198,0.0,1.4699005346230365e-09
8199,0.0,1.4684304883161303e-09
8200,0.0,1.4669888637186546e-09
8201,0.0,1.4655157087872794e-09
8202,0.0,1.464058319022854e-09
8203,0.0,1.4625780586641213e-09
8204,0.0,1.4610953558147344e-09
8205,0.0,1.4596474029460182e-09
8206,0.0,1.4581900131815928e-09
8207,0.0,1.4566852168940159e-09
8208,0.0,1.4552531402145519e-09
8209,0.0,1.4538178438883165e-09
8210,0.0,1.4523462432691758e-09
8211,0.0,1.4508888535047504e-09
8212,0.0,1.4494472289072746e-09
8213,0.0,1.4479771826003685e-09
8214,0.0,1.4465703079835635e-09
8215,0.0,1.4451096985723666e-09
8216,0.0,1.4436649653504219e-09
8217,0.0,1.442231223336421e-09
8218,0.0,1.440799146656957e-09
8219,0.0,1.4393638503307216e-09
8220,0.0,1.4378938040238154e-09
8221,0.0,1.4364790468235356e-09
8222,0.0,1.4349963439741487e-09
8223,0.0,1.4335886922012264e-09
8224,0.0,1.4321676067297062e-09
8225,0.0,1.4307369733401742e-09
8226,0.0,1.4293033423484758e-09
8227,0.0,1.4278442872495134e-09
8228,0.0,1.4264381897888256e-09
8229,0.0,1.4250313151720206e-09
8230,0.0,1.423586581950076e-09
8231,0.0,1.422152839936075e-09
8232,0.0,1.4207215404127282e-09
8233,0.0,1.4193209940671636e-09
8234,0.0,1.4179141194503586e-09
8235,0.0,1.4165080219896709e-09
8236,0.0,1.4150995930606314e-09
8237,0.0,1.4136437576084404e-09
8238,0.0,1.4122361058355182e-09
8239,0.0,1.4108559875936066e-09
8240,0.0,1.4094231337580254e-09
8241,0.0,1.4079925003684934e-09
8242,0.0,1.4066157127956558e-09
8243,0.0,1.4052111696472025e-09
8244,0.0,1.403827942780822e-09
8245,0.0,1.4023981975697097e-09
8246,0.0,1.4009661208902457e-09
8247,0.0,1.3995915537634573e-09
8248,0.0,1.398187010615004e-09
8249,0.0,1.3968054490831605e-09
8250,0.0,1.3953993516224728e-09
8251,0.0,1.3940003595891426e-09
8252,0.0,1.3925942621284548e-09
8253,0.0,1.3912134777527285e-09
8254,0.0,1.389808157448158e-09
8255,0.0,1.388433701343672e-09
8256,0.0,1.3870418147376995e-09
8257,0.0,1.3856601421835535e-09
8258,0.0,1.384262038328643e-09
8259,0.0,1.3828811429306143e-09
8260,0.0,1.3815011357110052e-09
8261,0.0,1.3801408904612344e-09
8262,0.0,1.3787363473127812e-09
8263,0.0,1.3773302498520934e-09
8264,0.0,1.3759565709037247e-09
8265,0.0,1.3746025429028919e-09
8266,0.0,1.3732154302559252e-09
8267,0.0,1.3718614022550923e-09
8268,0.0,1.3704885004628409e-09
8269,0.0,1.3690966138568683e-09
8270,0.0,1.3677173837933765e-09
8271,0.0,1.3663689069076668e-09
8272,0.0,1.3650401919917954e-09
8273,0.0,1.3636546336570632e-09
8274,0.0,1.3622754035935714e-09
8275,0.0,1.3609278148862813e-09
8276,0.0,1.3595611303429678e-09
8277,0.0,1.3581882285507163e-09
8278,0.0,1.356854739675839e-09
8279,0.0,1.3554755096123472e-09
8280,0.0,1.3541279209050572e-09
8281,0.0,1.352786549446705e-09
8282,0.0,1.3514136476544536e-09
8283,0.0,1.350073830508336e-09
8284,0.0,1.3487270189571632e-09
8285,0.0,1.347393530082286e-09
8286,0.0,1.346014300018794e-09
8287,0.0,1.3446666002892016e-09
8288,0.0,1.3433584244992858e-09
8289,0.0,1.3420060618329899e-09
8290,0.0,1.3406205034982577e-09
8291,0.0,1.3393114395299222e-09
8292,0.0,1.3379354291132017e-09
8293,0.0,1.3366509010737104e-09
8294,0.0,1.335303201344118e-09
8295,0.0,1.3339389592914586e-09
8296,0.0,1.332618126959062e-09
8297,0.0,1.3312831947942527e-09
8298,0.0,1.3299623624618562e-09
8299,0.0,1.3286233224718558e-09
8300,0.0,1.3272646315343195e-09
8301,0.0,1.3259691122868844e-09
8302,0.0,1.3246364005681244e-09
8303,0.0,1.323351872528633e-09
8304,0.0,1.3220018413306889e-09
8305,0.0,1.3206921112285386e-09
8306,0.0,1.3193602876881982e-09
8307,0.0,1.3180638802623434e-09
8308,0.0,1.3167067436370417e-09
8309,0.0,1.3154229927536676e-09
8310,0.0,1.3140785126708465e-09
8311,0.0,1.3127647857658076e-09
8312,0.0,1.3114819230608532e-09
8313,0.0,1.3101745244270546e-09
8314,0.0,1.3088300443442336e-09
8315,0.0,1.307520980375898e-09
8316,0.0,1.3061891568355577e-09
8317,0.0,1.304933827661614e-09
8318,0.0,1.3036122181731002e-09
8319,0.0,1.302305596695419e-09
8320,0.0,1.3009872068536765e-09
8321,0.0,1.2997295462113811e-09
8322,0.0,1.2984094910351018e-09
8323,0.0,1.2971163032560185e-09
8324,0.0,1.2958081274661026e-09
8325,0.0,1.2945275962295e-09
8326,0.0,1.2932090953654551e-09
8327,0.0,1.2919127989619028e-09
8328,0.0,1.2906313795468805e-09
8329,0.0,1.289338191767797e-09
8330,0.0,1.2880450039887137e-09
8331,0.0,1.2867897858370725e-09
8332,0.0,1.285468953504676e-09
8333,0.0,1.2842136243307323e-09
8334,0.0,1.2829267648228893e-09
8335,0.0,1.2816082639588444e-09
8336,0.0,1.2803530458072032e-09
8337,0.0,1.2790725145706006e-09
8338,0.0,1.2778021973858245e-09
8339,0.0,1.2764963530642603e-09
8340,0.0,1.2752410238903167e-09
8341,0.0,1.2739668209249544e-09
8342,0.0,1.2726989462308325e-09
8343,0.0,1.2714183039719273e-09
8344,0.0,1.2701377727353247e-09
8345,0.0,1.2688714523534372e-09
8346,0.0,1.2676097949082532e-09
8347,0.0,1.2663166071291698e-09
8348,0.0,1.2650739344977069e-09
8349,0.0,1.2637807467186235e-09
8350,0.0,1.262544402358401e-09
8351,0.0,1.2612907385189942e-09
8352,0.0,1.2599975507399108e-09
8353,0.0,1.258773862922169e-09
8354,0.0,1.2574806751430856e-09
8355,0.0,1.256252990522455e-09
8356,0.0,1.254992998411808e-09
8357,0.0,1.2537250126953836e-09
8358,0.0,1.2524713488559769e-09
8359,0.0,1.251247661038235e-09
8360,0.0,1.24996701877933e-09
8361,0.0,1.2487267886385212e-09
8362,0.0,1.247491998590533e-09
8363,0.0,1.2462241238964111e-09
8364,0.0,1.2449640207634616e-09
8365,0.0,1.2437340046744794e-09
8366,0.0,1.2424937745336706e-09
8367,0.0,1.241233671400721e-09
8368,0.0,1.2400052096239733e-09
8369,0.0,1.2387570968996897e-09
8370,0.0,1.2375428459776572e-09
8371,0.0,1.2362811885324732e-09
8372,0.0,1.2350283018491837e-09
8373,0.0,1.233818824886157e-09
8374,0.0,1.23260301965189e-09
8375,0.0,1.2313674524477847e-09
8376,0.0,1.2301026863781317e-09
8377,0.0,1.228879775716507e-09
8378,0.0,1.2276638594599376e-09
8379,0.0,1.2264180782040057e-09
8380,0.0,1.2251888392711408e-09
8381,0.0,1.2239935731628293e-09
8382,0.0,1.2227722168134392e-09
8383,0.0,1.2215564115791722e-09
8384,0.0,1.2203097421448206e-09
8385,0.0,1.219070289160129e-09
8386,0.0,1.2178600350409852e-09
8387,0.0,1.2166528895463102e-09
8388,0.0,1.2154244277695625e-09
8389,0.0,1.2142299388173683e-09
8390,0.0,1.2130062509996264e-09
8391,0.0,1.2117927772337111e-09
8392,0.0,1.2105840774268017e-09
8393,0.0,1.2093887002961878e-09
8394,0.0,1.2081626810100943e-09
8395,0.0,1.2069657495672459e-09
8396,0.0,1.2057445042401582e-09
8397,0.0,1.2045420216821867e-09
8398,0.0,1.2033475327299925e-09
8399,0.0,1.2021649231641618e-09
8400,0.0,1.2009562233572524e-09
8401,0.0,1.199742749591337e-09
8402,0.0,1.1985474834830256e-09
8403,0.0,1.1973513291962945e-09
8404,0.0,1.1961316381814413e-09
8405,0.0,1.1949308209580067e-09
8406,0.0,1.1937363320058125e-09
8407,0.0,1.1925267440204834e-09
8408,0.0,1.1913702246957314e-09
8409,0.0,1.1901882812637155e-09
8410,0.0,1.1889811357690405e-09
8411,0.0,1.1877929750880867e-09
8412,0.0,1.1865842752811773e-09
8413,0.0,1.185414988391642e-09
8414,0.0,1.1842473668366438e-09
8415,0.0,1.1830528778844496e-09
8416,0.0,1.1818576117761381e-09
8417,0.0,1.180688324886603e-09
8418,0.0,1.1795191490193702e-09
8419,0.0,1.178324660067176e-09
8420,0.0,1.1771238428437414e-09
8421,0.0,1.1759924145593459e-09
8422,0.0,1.174785269064671e-09
8423,0.0,1.1736034366549575e-09
8424,0.0,1.1724594628503837e-09
8425,0.0,1.171266528210424e-09
8426,0.0,1.1700854729568277e-09
8427,0.0,1.168941499152254e-09
8428,0.0,1.1677485645122943e-09
8429,0.0,1.1665919341652398e-09
8430,0.0,1.1654354148404877e-09
8431,0.0,1.164242480200528e-09
8432,0.0,1.1630858498534735e-09
8433,0.0,1.161929219506419e-09
8434,0.0,1.1607765859622532e-09
8435,0.0,1.159607299072718e-09
8436,0.0,1.1584586623314408e-09
8437,0.0,1.1573020319843863e-09
8438,0.0,1.156134410429388e-09
8439,0.0,1.1549532441534893e-09
8440,0.0,1.1538219268913963e-09
8441,0.0,1.1526669618788787e-09
8442,0.0,1.151499229301578e-09
8443,0.0,1.1503576979876584e-09
8444,0.0,1.1492026219528384e-09
8445,0.0,1.1480523198770243e-09
8446,0.0,1.1469248883955174e-09
8447,0.0,1.145743055985804e-09
8448,0.0,1.1446259495784261e-09
8449,0.0,1.1434827529299696e-09
8450,0.0,1.1423356705009269e-09
8451,0.0,1.1412059075510683e-09
8452,0.0,1.1400627109026118e-09
8453,0.0,1.1389076348677918e-09
8454,0.0,1.137755001323626e-09
8455,0.0,1.1366300123327733e-09
8456,0.0,1.135501026539032e-09
8457,0.0,1.1343475048164464e-09
8458,0.0,1.1332296212529513e-09
8459,0.0,1.1321203974290484e-09
8460,0.0,1.1309660985503456e-09
8461,0.0,1.1298237900803088e-09
8462,0.0,1.128713678077986e-09
8463,0.0,1.1275713696079492e-09
8464,0.0,1.1264439381264424e-09
8465,0.0,1.125333159990305e-09
8466,0.0,1.1241930719663173e-09
8467,0.0,1.123074411246705e-09
8468,0.0,1.1219390971817234e-09
8469,0.0,1.1208116657002165e-09
8470,0.0,1.1196945592928387e-09
8471,0.0,1.118586112625053e-09
8472,0.0,1.117458681143546e-09
8473,0.0,1.1163605595498893e-09
8474,0.0,1.1152204715259018e-09
8475,0.0,1.1141041422746412e-09
8476,0.0,1.1130075749932189e-09
8477,0.0,1.1118912457419583e-09
8478,0.0,1.1107954556166533e-09
8479,0.0,1.10967990352151e-09
8480,0.0,1.108557245999009e-09
8481,0.0,1.1074424710599828e-09
8482,0.0,1.1063261418087222e-09
8483,0.0,1.1052302406611147e-09
8484,0.0,1.1041273451084521e-09
8485,0.0,1.1030426572133933e-09
8486,0.0,1.1019530843370262e-09
8487,0.0,1.1008319811267597e-09
8488,0.0,1.0997109889387957e-09
8489,0.0,1.0986064280515961e-09
8490,0.0,1.0975106379262911e-09
8491,0.0,1.0964211760722264e-09
8492,0.0,1.0953269402591559e-09
8493,0.0,1.0942358130705543e-09
8494,0.0,1.0931273664027685e-09
8495,0.0,1.0920252480062231e-09
8496,0.0,1.0909421144233988e-09
8497,0.0,1.0898683067139814e-09
8498,0.0,1.0887725165886764e-09
8499,0.0,1.0876736178389024e-09
8500,0.0,1.0866124666719656e-09
8501,0.0,1.0855151222344261e-09
8502,0.0,1.0844193321091211e-09
8503,0.0,1.0833203223370447e-09
8504,0.0,1.0822592821924104e-09
8505,0.0,1.081163381044803e-09
8506,0.0,1.0801023409001687e-09
8507,0.0,1.0790301985252881e-09
8508,0.0,1.0779344083999831e-09
8509,0.0,1.0768733682553489e-09
8510,0.0,1.0757791324422783e-09
8511,0.0,1.0746927792126826e-09
8512,0.0,1.0736277422651597e-09
8513,0.0,1.0725508259312733e-09
8514,0.0,1.0714834575153986e-09
8515,0.0,1.0704270803074678e-09
8516,0.0,1.0693597118915932e-09
8517,0.0,1.068271804349763e-09
8518,0.0,1.0672178696324863e-09
8519,0.0,1.066136179339594e-09
8520,0.0,1.0650972326331498e-09
8521,0.0,1.0640062164668507e-09
8522,0.0,1.0629617186452833e-09
8523,0.0,1.0618753654156876e-09
8524,0.0,1.0608158795832878e-09
8525,0.0,1.0597516197918821e-09
8526,0.0,1.058702348011309e-09
8527,0.0,1.0576159947817132e-09
8528,0.0,1.0565534003248445e-09
8529,0.0,1.0555483154206513e-09
8530,0.0,1.0544572992543522e-09
8531,0.0,1.053413578588902e-09
8532,0.0,1.0523769633508095e-09
8533,0.0,1.0512938297679852e-09
8534,0.0,1.0502572145298927e-09
8535,0.0,1.0492244850723864e-09
8536,0.0,1.0481540080320428e-09
8537,0.0,1.0470920797089889e-09
8538,0.0,1.046086328670981e-09
8539,0.0,1.0450070808687428e-09
8540,0.0,1.0439554776198179e-09
8541,0.0,1.0429251906529657e-09
8542,0.0,1.0418941265299964e-09
8543,0.0,1.0408337525191769e-09
8544,0.0,1.039801134083973e-09
8545,0.0,1.0387581905746401e-09
8546,0.0,1.0377286807639052e-09
8547,0.0,1.0366921765481152e-09
8548,0.0,1.0356373536524188e-09
8549,0.0,1.0346070666855667e-09
8550,0.0,1.033588659105078e-09
8551,0.0,1.032534613365499e-09
8552,0.0,1.0315217569001334e-09
8553,0.0,1.0304795905469177e-09
8554,0.0,1.0294619601225463e-09
8555,0.0,1.0284182394570962e-09
8556,0.0,1.027417928511909e-09
8557,0.0,1.026349782939917e-09
8558,0.0,1.0253329296716629e-09
8559,0.0,1.0243026427048108e-09
8560,0.0,1.0232865665926738e-09
8561,0.0,1.0222593882502906e-09
8562,0.0,1.0212425349820364e-09
8563,0.0,1.0201995914727036e-09
8564,0.0,1.0191993915498188e-09
8565,0.0,1.0181808729470276e-09
8566,0.0,1.0171522513147124e-09
8567,0.0,1.0161534946817596e-09
8568,0.0,1.0151232077149075e-09
8569,0.0,1.0141071316027706e-09
8570,0.0,1.013110817460472e-09
8571,0.0,1.012094741348335e-09
8572,0.0,1.011078665236198e-09
8573,0.0,1.0100641434362956e-09
8574,0.0,1.0090607238666394e-09
8575,0.0,1.008043093442268e-09
8576,0.0,1.0070245748394768e-09
8577,0.0,1.0060242638942896e-09
8578,0.0,1.0050081877821526e-09
8579,0.0,1.0040395181931672e-09
8580,0.0,1.0030234420810302e-09
8581,0.0,1.001997929073184e-09
8582,0.0,1.0010023920870026e-09
8583,0.0,1.0000005268295808e-09
8584,0.0,9.990254179470526e-10
8585,0.0,9.98015670106156e-10
8586,0.0,9.970154701832712e-10
8587,0.0,9.960025026956032e-10
8588,0.0,9.950306134598463e-10
8589,0.0,9.94031967849196e-10
8590,0.0,9.930379851752491e-10
8591,0.0,9.920582133560174e-10
8592,0.0,9.910531284518243e-10
8593,0.0,9.900529285289394e-10
8594,0.0,9.890589458549925e-10
8595,0.0,9.880822826602298e-10
8596,0.0,9.870882999862829e-10
8597,0.0,9.86113302126057e-10
8598,0.0,9.851193194521102e-10
8599,0.0,9.841277792688174e-10
8600,0.0,9.831527814085916e-10
8601,0.0,9.821571334001078e-10
8602,0.0,9.811947920823627e-10
8603,0.0,9.802023637206503e-10
8604,0.0,9.792083810467034e-10
8605,0.0,9.7824837119731e-10
8606,0.0,9.772543885233631e-10
8607,0.0,9.762872732466121e-10
8608,0.0,9.75305947115146e-10
8609,0.0,9.743451601096353e-10
8610,0.0,9.733661654465209e-10
8611,0.0,9.723848393150547e-10
8612,0.0,9.71405067495823e-10
8613,0.0,9.704490544493183e-10
8614,0.0,9.694510749724827e-10
8615,0.0,9.684966162382125e-10
8616,0.0,9.675152901067463e-10
8617,0.0,9.665616085285933e-10
8618,0.0,9.656070387720206e-10
8619,0.0,9.64641477807504e-10
8620,0.0,9.63687796229351e-10
8621,0.0,9.626970332021756e-10
8622,0.0,9.617551199880836e-10
8623,0.0,9.60780899283975e-10
8624,0.0,9.598011274647433e-10
8625,0.0,9.5886321105354e-10
8626,0.0,9.57896095776789e-10
8627,0.0,9.569416370425188e-10
8628,0.0,9.559816271931254e-10
8629,0.0,9.550428226035024e-10
8630,0.0,9.540639389626904e-10
8631,0.0,9.531346822910791e-10
8632,0.0,9.521714527949143e-10
8633,0.0,9.512296506031248e-10
8634,0.0,9.502506559400103e-10
8635,0.0,9.493119623726898e-10
8636,0.0,9.483598351067712e-10
8637,0.0,9.474242501639196e-10
8638,0.0,9.464736772102356e-10
8639,0.0,9.455065619334846e-10
8640,0.0,9.445828563769965e-10
8641,0.0,9.436268433304917e-10
8642,0.0,9.426952551905288e-10
8643,0.0,9.417683299872692e-10
8644,0.0,9.40791777814809e-10
8645,0.0,9.398506417568342e-10
8646,0.0,9.389198307729885e-10
8647,0.0,9.379788057373162e-10
8648,0.0,9.370424436383473e-10
8649,0.0,9.361195152379764e-10
8650,0.0,9.35181598826773e-10
8651,0.0,9.342469020623412e-10
8652,0.0,9.333239736619703e-10
8653,0.0,9.323876115630014e-10
8654,0.0,9.314433668805577e-10
8655,0.0,9.304896853024047e-10
8656,0.0,9.295714753498885e-10
8657,0.0,9.286462154811659e-10
8658,0.0,9.277130175178172e-10
8659,0.0,9.267877576490946e-10
8660,0.0,9.258695476965784e-10
8661,0.0,9.249174204306598e-10
8662,0.0,9.240000431454121e-10
8663,0.0,9.231000408504997e-10
8664,0.0,9.221818308979834e-10
8665,0.0,9.212565710292608e-10
8666,0.0,9.203249828892979e-10
8667,0.0,9.194012773328097e-10
8668,0.0,9.184948912555058e-10
8669,0.0,9.17577513970258e-10
8670,0.0,9.166538084137699e-10
8671,0.0,9.157356539724049e-10
8672,0.0,9.148056201446764e-10
8673,0.0,9.138803602759538e-10
8674,0.0,9.129992872836112e-10
8675,0.0,9.120803001749778e-10
8676,0.0,9.1116292288973e-10
8677,0.0,9.102407716454763e-10
8678,0.0,9.093344410793236e-10
8679,0.0,9.084423213678861e-10
8680,0.0,9.075264983948728e-10
8681,0.0,9.066075112862393e-10
8682,0.0,9.056964622722319e-10
8683,0.0,9.047932958416993e-10
8684,0.0,9.03904340265882e-10
8685,0.0,9.029995640119637e-10
8686,0.0,9.020821867267159e-10
8687,0.0,9.012042778699936e-10
8688,0.0,9.002995016160753e-10
8689,0.0,8.993931710499226e-10
8690,0.0,8.984836763481496e-10
8691,0.0,8.975915566367121e-10
8692,0.0,8.96678897799319e-10
8693,0.0,8.957867780878814e-10
8694,0.0,8.949072594077734e-10
8695,0.0,8.940033158211236e-10
8696,0.0,8.930906569837305e-10
8697,0.0,8.922253491583376e-10
8698,0.0,8.913206284155706e-10
8699,0.0,8.904489923189374e-10
8700,0.0,8.895458258884048e-10
8701,0.0,8.886552604892017e-10
8702,0.0,8.877639179338814e-10
8703,0.0,8.868765721814498e-10
8704,0.0,8.859986633247274e-10
8705,0.0,8.850938870708092e-10
8706,0.0,8.842199195058242e-10
8707,0.0,8.833356823778615e-10
8708,0.0,8.824688202402342e-10
8709,0.0,8.815688179453218e-10
8710,0.0,8.807042872760462e-10
8711,0.0,8.798153317002289e-10
8712,0.0,8.789310945722661e-10
8713,0.0,8.78056349851164e-10
8714,0.0,8.771776638383244e-10
8715,0.0,8.762902625747415e-10
8716,0.0,8.754186819892595e-10
8717,0.0,8.745447144242746e-10
8718,0.0,8.736651957441666e-10
8719,0.0,8.728093803256343e-10
8720,0.0,8.719322486250292e-10
8721,0.0,8.71057503903927e-10
8722,0.0,8.701724896198471e-10
8723,0.0,8.692977448987449e-10
8724,0.0,8.684545305115421e-10
8725,0.0,8.67577398810937e-10
8726,0.0,8.666900530585053e-10
8727,0.0,8.65847671338571e-10
8728,0.0,8.649681526584629e-10
8729,0.0,8.641139470633163e-10
8730,0.0,8.632525805296609e-10
8731,0.0,8.623809999441789e-10
8732,0.0,8.61507032379194e-10
8733,0.0,8.606638179919912e-10
8734,0.0,8.597772493956768e-10
8735,0.0,8.5891987966491e-10
8736,0.0,8.580774424338244e-10
8737,0.0,8.572279552865325e-10
8738,0.0,8.563603159927879e-10
8739,0.0,8.554990049702837e-10
8740,0.0,8.546415797283657e-10
8741,0.0,8.537991980084314e-10
8742,0.0,8.529497108611395e-10
8743,0.0,8.520820715673949e-10
8744,0.0,8.512404670035778e-10
8745,0.0,8.503791559810736e-10
8746,0.0,8.49536718749988e-10
8747,0.0,8.486935598739365e-10
8748,0.0,8.478464597061475e-10
8749,0.0,8.469748236095143e-10
8750,0.0,8.461324418895799e-10
8751,0.0,8.452916699930313e-10
8752,0.0,8.444484556058285e-10
8753,0.0,8.435997456146538e-10
8754,0.0,8.427589737181052e-10
8755,0.0,8.419181463104053e-10
8756,0.0,8.410749874343537e-10
8757,0.0,8.402499251936035e-10
8758,0.0,8.394075434736692e-10
8759,0.0,8.38559666149763e-10
8760,0.0,8.376919713448672e-10
8761,0.0,8.36863800479648e-10
8762,0.0,8.360230285830994e-10
8763,0.0,8.352050717697068e-10
8764,0.0,8.343642998731582e-10
8765,0.0,8.335219181532239e-10
8766,0.0,8.326984657358594e-10
8767,0.0,8.318686850472545e-10
8768,0.0,8.310507837450132e-10
8769,0.0,8.30222612879794e-10
8770,0.0,8.293817854720942e-10
8771,0.0,8.285567787424952e-10
8772,0.0,8.277143970225609e-10
8773,0.0,8.26900437012057e-10
8774,0.0,8.260706563234521e-10
8775,0.0,8.252322158952552e-10
8776,0.0,8.244056548534218e-10
8777,0.0,8.235758741648169e-10
8778,0.0,8.227382108927372e-10
8779,0.0,8.219668834463789e-10
8780,0.0,8.211261115498303e-10
8781,0.0,8.203120960281751e-10
8782,0.0,8.19472878443861e-10
8783,0.0,8.186691879963348e-10
8784,0.0,8.178386301516127e-10
8785,0.0,8.170104592863936e-10
8786,0.0,8.162241438292028e-10
8787,0.0,8.153951402967152e-10
8788,0.0,8.14569356410999e-10
8789,0.0,8.137490681292547e-10
8790,0.0,8.129579787130581e-10
8791,0.0,8.121337491395764e-10
8792,0.0,8.113245630880783e-10
8793,0.0,8.105003335145966e-10
8794,0.0,8.097092440984e-10
8795,0.0,8.088921199522758e-10
8796,0.0,8.080789370978891e-10
8797,0.0,8.072649770873852e-10
8798,0.0,8.064707235355684e-10
8799,0.0,8.056559863689472e-10
8800,0.0,8.048451904940634e-10
8801,0.0,8.040477728066264e-10
8802,0.0,8.032504106303406e-10
8803,0.0,8.024308995047136e-10
8804,0.0,8.016548536105006e-10
8805,0.0,8.008377294643765e-10
8806,0.0,8.000245466099898e-10
8807,0.0,7.992421724445364e-10
8808,0.0,7.984424232887477e-10
8809,0.0,7.976505567164338e-10
8810,0.0,7.968397608415501e-10
8811,0.0,7.960297421227835e-10
8812,0.0,7.952441483105588e-10
8813,0.0,7.944404578630326e-10
8814,0.0,7.936667434371714e-10
8815,0.0,7.928701584170028e-10
8816,0.0,7.920782918446889e-10
8817,0.0,7.912809296684031e-10
8818,0.0,7.905119336903965e-10
8819,0.0,7.897011378155128e-10
8820,0.0,7.889314201925401e-10
8821,0.0,7.881150732025333e-10
8822,0.0,7.873405816205548e-10
8823,0.0,7.865479378921236e-10
8824,0.0,7.857821060497372e-10
8825,0.0,7.849776384460938e-10
8826,0.0,7.842047011763498e-10
8827,0.0,7.834120574479186e-10
8828,0.0,7.826201908756047e-10
8829,0.0,7.818283243032909e-10
8830,0.0,7.810562197008153e-10
8831,0.0,7.802643531285014e-10
8832,0.0,7.79481978963048e-10
8833,0.0,7.787035460893321e-10
8834,0.0,7.779384914030629e-10
8835,0.0,7.771663868005874e-10
8836,0.0,7.763871767707542e-10
8837,0.0,7.755953101984403e-10
8838,0.0,7.748294783560539e-10
8839,0.0,7.740502683262207e-10
8840,0.0,7.732844364838343e-10
8841,0.0,7.725186601525991e-10
8842,0.0,7.717402272788831e-10
8843,0.0,7.709609617378987e-10
8844,0.0,7.702015136779039e-10
8845,0.0,7.6940964710559e-10
8846,0.0,7.686351555236115e-10
8847,0.0,7.678811475564373e-10
8848,0.0,7.671027146827214e-10
8849,0.0,7.663487622266985e-10
8850,0.0,7.655837630515805e-10
8851,0.0,7.64820318188697e-10
8852,0.0,7.640418853149811e-10
8853,0.0,7.632950382863157e-10
8854,0.0,7.625165499014486e-10
8855,0.0,7.61766538737163e-10
8856,0.0,7.610007624059278e-10
8857,0.0,7.602349305635414e-10
8858,0.0,7.594813666855771e-10
8859,0.0,7.5870648652554e-10
8860,0.0,7.579544769598101e-10
8861,0.0,7.572021343271729e-10
8862,0.0,7.564454063135884e-10
8863,0.0,7.556926195917413e-10
8864,0.0,7.54939055713777e-10
8865,0.0,7.541771651631279e-10
8866,0.0,7.534236012851636e-10
8867,0.0,7.526696488291407e-10
8868,0.0,7.519160849511763e-10
8869,0.0,7.511758992606588e-10
8870,0.0,7.504014076786802e-10
8871,0.0,7.49666828614437e-10
8872,0.0,7.489191489185032e-10
8873,0.0,7.481655850405389e-10
8874,0.0,7.474163510323706e-10
8875,0.0,7.466698925817639e-10
8876,0.0,7.459340922721935e-10
8877,0.0,7.451813055503465e-10
8878,0.0,7.444383998134185e-10
8879,0.0,7.436729565490907e-10
8880,0.0,7.429498127820011e-10
8881,0.0,7.422033543313944e-10
8882,0.0,7.414414637807454e-10
8883,0.0,7.407127688985327e-10
8884,0.0,7.399718615630491e-10
8885,0.0,7.39247885128691e-10
8886,0.0,7.385033695683774e-10
8887,0.0,7.377664035246312e-10
8888,0.0,7.370234977877033e-10
8889,0.0,7.3628531049863e-10
8890,0.0,7.35554617214973e-10
8891,0.0,7.348195940615199e-10
8892,0.0,7.340727470328545e-10
8893,0.0,7.333487705984965e-10
8894,0.0,7.326074746849542e-10
8895,0.0,7.318799455369174e-10
8896,0.0,7.311385941122239e-10
8897,0.0,7.304083449177767e-10
8898,0.0,7.296843684834187e-10
8899,0.0,7.289525094655858e-10
8900,0.0,7.282285330312277e-10
8901,0.0,7.274880142738027e-10
8902,0.0,7.267829671420145e-10
8903,0.0,7.260353429572319e-10
8904,0.0,7.253176947941142e-10
8905,0.0,7.245921640475217e-10
8906,0.0,7.238618593419233e-10
8907,0.0,7.231458210021913e-10
8908,0.0,7.224281728390736e-10
8909,0.0,7.21681270299257e-10
8910,0.0,7.209778329908545e-10
8911,0.0,7.202601848277368e-10
8912,0.0,7.195346540811443e-10
8913,0.0,7.188044048866971e-10
8914,0.0,7.181017447344118e-10
8915,0.0,7.173840965712941e-10
8916,0.0,7.16649073417841e-10
8917,0.0,7.159333681450164e-10
8918,0.0,7.152291536804967e-10
8919,0.0,7.145257163720942e-10
8920,0.0,7.137970214898814e-10
8921,0.0,7.130805390609396e-10
8922,0.0,7.123581724499672e-10
8923,0.0,7.116673916840455e-10
8924,0.0,7.10950520677045e-10
8925,0.0,7.102229915290081e-10
8926,0.0,7.095187770644884e-10
8927,0.0,7.088177267355888e-10
8928,0.0,7.081154551613622e-10
8929,0.0,7.073985841543617e-10
8930,0.0,7.066959240020765e-10
8931,0.0,7.059920981156154e-10
8932,0.0,7.052894379633301e-10
8933,0.0,7.045730110455395e-10
8934,0.0,7.03869573737137e-10
8935,0.0,7.031641380272902e-10
8936,0.0,7.02467028990128e-10
8937,0.0,7.017635916817255e-10
8938,0.0,7.010731994938624e-10
8939,0.0,7.003574942210378e-10
8940,0.0,6.996579982043727e-10
8941,0.0,6.989541723179116e-10
8942,0.0,6.98264168708107e-10
8943,0.0,6.975618971338804e-10
8944,0.0,6.968576826693607e-10
8945,0.0,6.961712317732349e-10
8946,0.0,6.954689601990083e-10
8947,0.0,6.947655228906058e-10
8948,0.0,6.940782948383628e-10
8949,0.0,6.933823515353765e-10
8950,0.0,6.92692347925572e-10
8951,0.0,6.919932404869655e-10
8952,0.0,6.913146721743146e-10
8953,0.0,6.906120120220294e-10
8954,0.0,6.899255611259036e-10
8955,0.0,6.892548753967276e-10
8956,0.0,6.885526038225009e-10
8957,0.0,6.878661529263752e-10
8958,0.0,6.871753721604534e-10
8959,0.0,6.864944168682996e-10
8960,0.0,6.858048018365537e-10
8961,0.0,6.851183509404279e-10
8962,0.0,6.844160793662013e-10
8963,0.0,6.837453936370252e-10
8964,0.0,6.830715992833802e-10
8965,0.0,6.82368939131095e-10
8966,0.0,6.816887609950584e-10
8967,0.0,6.810118025057932e-10
8968,0.0,6.803379526409969e-10
8969,0.0,6.796451734736308e-10
8970,0.0,6.789682149843657e-10
8971,0.0,6.782880368483291e-10
8972,0.0,6.776126326712983e-10
8973,0.0,6.769514393489828e-10
8974,0.0,6.762554960459966e-10
8975,0.0,6.755816461812003e-10
8976,0.0,6.749114045412341e-10
8977,0.0,6.742249536451084e-10
8978,0.0,6.735582092076697e-10
8979,0.0,6.728820278745218e-10
8980,0.0,6.72220779041055e-10
8981,0.0,6.715406564161697e-10
8982,0.0,6.70851818540541e-10
8983,0.0,6.701973420675245e-10
8984,0.0,6.695179965987563e-10
8985,0.0,6.688670173282674e-10
8986,0.0,6.68186894703382e-10
8987,0.0,6.675138775058542e-10
8988,0.0,6.66844357510854e-10
8989,0.0,6.661831641885385e-10
8990,0.0,6.655156425949826e-10
8991,0.0,6.648437911316307e-10
8992,0.0,6.641857619449354e-10
8993,0.0,6.635324512060947e-10
8994,0.0,6.628463888880276e-10
8995,0.0,6.621923009930697e-10
8996,0.0,6.615382130981118e-10
8997,0.0,6.608876224056814e-10
8998,0.0,6.602082769369133e-10
8999,0.0,6.59554577620014e-10
9000,0.0,6.588941614538157e-10
9001,0.0,6.582274725275283e-10
9002,0.0,6.575863742419585e-10
9003,0.0,6.569133570444308e-10
9004,0.0,6.562572707480285e-10
9005,0.0,6.556150067282829e-10
9006,0.0,6.549494835361713e-10
9007,0.0,6.543017239124538e-10
9008,0.0,6.536353680530738e-10
9009,0.0,6.529943252786552e-10
9010,0.0,6.523410145398145e-10
9011,0.0,6.516809869516749e-10
9012,0.0,6.51026899056717e-10
9013,0.0,6.503739768959349e-10
9014,0.0,6.497273830063932e-10
9015,0.0,6.490851189866476e-10
9016,0.0,6.484259240657764e-10
9017,0.0,6.477793301762347e-10
9018,0.0,6.471252422812768e-10
9019,0.0,6.464975776943049e-10
9020,0.0,6.458383272622825e-10
9021,0.0,6.452036127591043e-10
9022,0.0,6.445495248641464e-10
9023,0.0,6.439155320059342e-10
9024,0.0,6.432626098451522e-10
9025,0.0,6.426160159556105e-10
9026,0.0,6.419721976236303e-10
9027,0.0,6.413311548492118e-10
9028,0.0,6.406908892309104e-10
9029,0.0,6.400568963726982e-10
9030,0.0,6.394103024831566e-10
9031,0.0,6.387763651360956e-10
9032,0.0,6.381234429753135e-10
9033,0.0,6.375052707952023e-10
9034,0.0,6.368582883276019e-10
9035,0.0,6.362242954693897e-10
9036,0.0,6.355840298510884e-10
9037,0.0,6.349571979313851e-10
9038,0.0,6.343137681774635e-10
9039,0.0,6.33673447048011e-10
9040,0.0,6.330458379721904e-10
9041,0.0,6.324118451139782e-10
9042,0.0,6.317810719025374e-10
9043,0.0,6.311478562004424e-10
9044,0.0,6.305265753958622e-10
9045,0.0,6.298866428444683e-10
9046,0.0,6.292621979042679e-10
9047,0.0,6.286289822021729e-10
9048,0.0,6.280013731263523e-10
9049,0.0,6.273768726750006e-10
9050,0.0,6.267429353279397e-10
9051,0.0,6.261097196258447e-10
9052,0.0,6.25498652873091e-10
9053,0.0,6.248651041040887e-10
9054,0.0,6.242413808088543e-10
9055,0.0,6.236327010356035e-10
9056,0.0,6.229806115420899e-10
9057,0.0,6.223699333673949e-10
9058,0.0,6.21742268780423e-10
9059,0.0,6.211312020276694e-10
9060,0.0,6.205035374406975e-10
9061,0.0,6.1987787125517e-10
9062,0.0,6.192723556175395e-10
9063,0.0,6.186391954265957e-10
9064,0.0,6.180150835533027e-10
9065,0.0,6.174079580922864e-10
9066,0.0,6.167834576409348e-10
9067,0.0,6.161767207579771e-10
9068,0.0,6.155712051203466e-10
9069,0.0,6.14951034538791e-10
9070,0.0,6.143155428794955e-10
9071,0.0,6.137068075950936e-10
9072,0.0,6.130961294203985e-10
9073,0.0,6.124921680950024e-10
9074,0.0,6.118838768998103e-10
9075,0.0,6.112609862718443e-10
9076,0.0,6.106534722327694e-10
9077,0.0,6.100424054800158e-10
9078,0.0,6.094380555765611e-10
9079,0.0,6.088309301155448e-10
9080,0.0,6.082131465134921e-10
9081,0.0,6.075874803279646e-10
9082,0.0,6.069890146065404e-10
9083,0.0,6.063791690991138e-10
9084,0.0,6.057712664819803e-10
9085,0.0,6.051668610673744e-10
9086,0.0,6.045696165912773e-10
9087,0.0,6.039553857029034e-10
9088,0.0,6.033581412268063e-10
9089,0.0,6.027537913233516e-10
9090,0.0,6.021624865404362e-10
9091,0.0,6.01562077928719e-10
9092,0.0,6.009568953579958e-10
9093,0.0,6.003529340325997e-10
9094,0.0,5.997556895565026e-10
9095,0.0,5.991481755174277e-10
9096,0.0,5.985509310413306e-10
9097,0.0,5.979536865652335e-10
9098,0.0,5.973560535110778e-10
9099,0.0,5.967548677432433e-10
9100,0.0,5.961638960272353e-10
9101,0.0,5.955729798223786e-10
9102,0.0,5.949694070750411e-10
9103,0.0,5.943646685935278e-10
9104,0.0,5.937871305761178e-10
9105,0.0,5.93196214371261e-10
9106,0.0,5.926021340307841e-10
9107,0.0,5.919985612834466e-10
9108,0.0,5.914013168073495e-10
9109,0.0,5.908166733625819e-10
9110,0.0,5.902375810329374e-10
9111,0.0,5.896348409528684e-10
9112,0.0,5.890501975081008e-10
9113,0.0,5.884529530320037e-10
9114,0.0,5.878746378584765e-10
9115,0.0,5.872773933823794e-10
9116,0.0,5.866935826048802e-10
9117,0.0,5.86115267431353e-10
9118,0.0,5.855243512264963e-10
9119,0.0,5.849333795104883e-10
9120,0.0,5.843527328686093e-10
9121,0.0,5.837712535594619e-10
9122,0.0,5.831740090833648e-10
9123,0.0,5.826095161864941e-10
9124,0.0,5.82012271710397e-10
9125,0.0,5.814339565368698e-10
9126,0.0,5.80856474030611e-10
9127,0.0,5.802655023146031e-10
9128,0.0,5.797006208396738e-10
9129,0.0,5.791037649416353e-10
9130,0.0,5.785397161339745e-10
9131,0.0,5.779487444179665e-10
9132,0.0,5.7738308578692e-10
9133,0.0,5.7680554776951e-10
9134,0.0,5.76234004956433e-10
9135,0.0,5.756596310746431e-10
9136,0.0,5.75075820297144e-10
9137,0.0,5.744986708577926e-10
9138,0.0,5.739337893828633e-10
9139,0.0,5.733428731780066e-10
9140,0.0,5.727847085523763e-10
9141,0.0,5.721945695036368e-10
9142,0.0,5.716327966531765e-10
9143,0.0,5.710549255688591e-10
9144,0.0,5.704971495212874e-10
9145,0.0,5.699070104725479e-10
9146,0.0,5.693448490440289e-10
9147,0.0,5.687870729964573e-10
9148,0.0,5.682036507970167e-10
9149,0.0,5.676379921659702e-10
9150,0.0,5.670837688320773e-10
9151,0.0,5.665125590859077e-10
9152,0.0,5.65948066189037e-10
9153,0.0,5.653642554115379e-10
9154,0.0,5.648029266502874e-10
9155,0.0,5.642451506027157e-10
9156,0.0,5.636933142483258e-10
9157,0.0,5.631181632104187e-10
9158,0.0,5.625607757409057e-10
9159,0.0,5.61989565994736e-10
9160,0.0,5.614227416295137e-10
9161,0.0,5.608645214927321e-10
9162,0.0,5.603067454451605e-10
9163,0.0,5.597517449551503e-10
9164,0.0,5.591809792981906e-10
9165,0.0,5.586223705833504e-10
9166,0.0,5.580744755206979e-10
9167,0.0,5.575163108950676e-10
9168,0.0,5.569616989831161e-10
9169,0.0,5.563979832423627e-10
9170,0.0,5.558366544811122e-10
9171,0.0,5.552852067047809e-10
9172,0.0,5.547333703503909e-10
9173,0.0,5.541791470164981e-10
9174,0.0,5.53621759546985e-10
9175,0.0,5.53066314967765e-10
9176,0.0,5.525089830094032e-10
9177,0.0,5.519547596755103e-10
9178,0.0,5.514028678099692e-10
9179,0.0,5.508549727473167e-10
9180,0.0,5.503098532422257e-10
9181,0.0,5.49761902668422e-10
9182,0.0,5.492108434701493e-10
9183,0.0,5.486629484074967e-10
9184,0.0,5.481150533448442e-10
9185,0.0,5.475568887192139e-10
9186,0.0,5.470152664166505e-10
9187,0.0,5.464649843744951e-10
9188,0.0,5.459107610406022e-10
9189,0.0,5.453613116657152e-10
9190,0.0,5.448169138055903e-10
9191,0.0,5.442800654620328e-10
9192,0.0,5.437329475554975e-10
9193,0.0,5.431834981806105e-10
9194,0.0,5.426655791396229e-10
9195,0.0,5.421168514097019e-10
9196,0.0,5.415685677689908e-10
9197,0.0,5.410317194254333e-10
9198,0.0,5.404885428106354e-10
9199,0.0,5.399414249041001e-10
9200,0.0,5.39410904831783e-10
9201,0.0,5.388701151964881e-10
9202,0.0,5.383206103104499e-10
9203,0.0,5.377900902381327e-10
9204,0.0,5.372429723315975e-10
9205,0.0,5.367123967481291e-10
9206,0.0,5.361810995196947e-10
9207,0.0,5.356351473473353e-10
9208,0.0,5.351037946077497e-10
9209,0.0,5.345669462641922e-10
9210,0.0,5.340348718796406e-10
9211,0.0,5.334893082853398e-10
9212,0.0,5.329733876457965e-10
9213,0.0,5.324294338748814e-10
9214,0.0,5.319027995831505e-10
9215,0.0,5.313612327917383e-10
9216,0.0,5.308413708604576e-10
9217,0.0,5.303163463921123e-10
9218,0.0,5.297755567568174e-10
9219,0.0,5.292418170377289e-10
9220,0.0,5.287266735543028e-10
9221,0.0,5.281953763258684e-10
9222,0.0,5.276537540233051e-10
9223,0.0,5.27127563820784e-10
9224,0.0,5.266128089154165e-10
9225,0.0,5.260684665664428e-10
9226,0.0,5.255529345049581e-10
9227,0.0,5.250342383078532e-10
9228,0.0,5.244985556984716e-10
9229,0.0,5.239704226056574e-10
9230,0.0,5.234647160179406e-10
9231,0.0,5.22935750257858e-10
9232,0.0,5.223989019143005e-10
9233,0.0,5.218900867021148e-10
9234,0.0,5.213682263693897e-10
9235,0.0,5.208499187503435e-10
9236,0.0,5.203217856575293e-10
9237,0.0,5.197939856316225e-10
9238,0.0,5.192847818413782e-10
9239,0.0,5.187672513784491e-10
9240,0.0,5.182521078950231e-10
9241,0.0,5.177247519583261e-10
9242,0.0,5.172151040788719e-10
9243,0.0,5.166869709860578e-10
9244,0.0,5.161820415544582e-10
9245,0.0,5.156602367328844e-10
9246,0.0,5.151521986768159e-10
9247,0.0,5.146307269221495e-10
9248,0.0,5.141151948606648e-10
9249,0.0,5.13589781814261e-10
9250,0.0,5.130872393621644e-10
9251,0.0,5.125662116967078e-10
9252,0.0,5.120636692446112e-10
9253,0.0,5.115430301572133e-10
9254,0.0,5.110353806792034e-10
9255,0.0,5.105210143518946e-10
9256,0.0,5.100121991397089e-10
9257,0.0,5.094993871246345e-10
9258,0.0,5.089965116056305e-10
9259,0.0,5.084758170070813e-10
9260,0.0,5.079757170456389e-10
9261,0.0,5.07466846322302e-10
9262,0.0,5.069520914169345e-10
9263,0.0,5.06448827319872e-10
9264,0.0,5.059597185663733e-10
9265,0.0,5.054532903336906e-10
9266,0.0,5.049381468502645e-10
9267,0.0,5.04430108794196e-10
9268,0.0,5.039295647435438e-10
9269,0.0,5.034246908230955e-10
9270,0.0,5.029182070792615e-10
9271,0.0,5.02410169023193e-10
9272,0.0,5.019187288013427e-10
9273,0.0,5.014177961726318e-10
9274,0.0,5.009113124287978e-10
9275,0.0,5.004135439357071e-10
9276,0.0,4.999055058796387e-10
9277,0.0,4.99418784105643e-10
9278,0.0,4.989075819139543e-10
9279,0.0,4.984066492852435e-10
9280,0.0,4.979073264799183e-10
9281,0.0,4.974213818620399e-10
9282,0.0,4.969148981182059e-10
9283,0.0,4.964187394485009e-10
9284,0.0,4.959161969964043e-10
9285,0.0,4.954255339306712e-10
9286,0.0,4.949324838854352e-10
9287,0.0,4.944354925484618e-10
9288,0.0,4.93942498014377e-10
9289,0.0,4.934438968540178e-10
9290,0.0,4.929635033512625e-10
9291,0.0,4.924594065869314e-10
9292,0.0,4.919687435211983e-10
9293,0.0,4.914887385965017e-10
9294,0.0,4.909901929472937e-10
9295,0.0,4.905034711732981e-10
9296,0.0,4.900064798363246e-10
9297,0.0,4.895102656554684e-10
9298,0.0,4.890267080170929e-10
9299,0.0,4.885395976650386e-10
9300,0.0,4.880560400266631e-10
9301,0.0,4.875590486896897e-10
9302,0.0,4.870786551869344e-10
9303,0.0,4.865757241567792e-10
9304,0.0,4.861047675497332e-10
9305,0.0,4.856086088800282e-10
9306,0.0,4.851305468456246e-10
9307,0.0,4.846379408895984e-10
9308,0.0,4.841606560113121e-10
9309,0.0,4.836636646743386e-10
9310,0.0,4.831868238852621e-10
9311,0.0,4.827111488303615e-10
9312,0.0,4.822268140358688e-10
9313,0.0,4.817444221316691e-10
9314,0.0,4.812608644932936e-10
9315,0.0,4.807765296988009e-10
9316,0.0,4.803059616698135e-10
9317,0.0,4.798176855835834e-10
9318,0.0,4.793345165232665e-10
9319,0.0,4.788627827601033e-10
9320,0.0,4.783736740066047e-10
9321,0.0,4.77904715801003e-10
9322,0.0,4.774274864338679e-10
9323,0.0,4.769379891023107e-10
9324,0.0,4.764678651625331e-10
9325,0.0,4.759981298008142e-10
9326,0.0,4.755208449225279e-10
9327,0.0,4.750329574143564e-10
9328,0.0,4.745620008073104e-10
9329,0.0,4.740954295812116e-10
9330,0.0,4.736260827975514e-10
9331,0.0,4.731492420084749e-10
9332,0.0,4.726680158384511e-10
9333,0.0,4.721967261644977e-10
9334,0.0,4.717289336930719e-10
9335,0.0,4.712607526435875e-10
9336,0.0,4.70783911854511e-10
9337,0.0,4.7030190852837e-10
9338,0.0,4.698416655735116e-10
9339,0.0,4.693659905186109e-10
9340,0.0,4.689033605842496e-10
9341,0.0,4.684367338469997e-10
9342,0.0,4.679673870633394e-10
9343,0.0,4.674968745455033e-10
9344,0.0,4.670381859028794e-10
9345,0.0,4.665751118793082e-10
9346,0.0,4.660935526423771e-10
9347,0.0,4.656340590880603e-10
9348,0.0,4.651642959707658e-10
9349,0.0,4.6470441383839045e-10
9350,0.0,4.642425610601464e-10
9351,0.0,4.6375783768759504e-10
9352,0.0,4.6331333214411075e-10
9353,0.0,4.628534500117354e-10
9354,0.0,4.623924021451842e-10
9355,0.0,4.619266080752027e-10
9356,0.0,4.6146317322914854e-10
9357,0.0,4.610036796748318e-10
9358,0.0,4.605446024541493e-10
9359,0.0,4.6007642140466487e-10
9360,0.0,4.59617732762041e-10
9361,0.0,4.5914719248862923e-10
9362,0.0,4.5868850384600535e-10
9363,0.0,4.5823692063073906e-10
9364,0.0,4.5777387436274353e-10
9365,0.0,4.5731518572011964e-10
9366,0.0,4.5686202043704327e-10
9367,0.0,4.5640094481491644e-10
9368,0.0,4.5595488495919767e-10
9369,0.0,4.5549539140488093e-10
9370,0.0,4.550374799183743e-10
9371,0.0,4.545756271401302e-10
9372,0.0,4.5413509064395896e-10
9373,0.0,4.5367720691302793e-10
9374,0.0,4.5321849051482843e-10
9375,0.0,4.5276532523175206e-10
9376,0.0,4.5232007028772614e-10
9377,0.0,4.5185821750948207e-10
9378,0.0,4.5141293480988054e-10
9379,0.0,4.5095976952680417e-10
9380,0.0,4.5051448682720263e-10
9381,0.0,4.500621264558191e-10
9382,0.0,4.496034100576196e-10
9383,0.0,4.491652605409513e-10
9384,0.0,4.4871287241399216e-10
9385,0.0,4.482549609274855e-10
9386,0.0,4.4782152985867185e-10
9387,0.0,4.473703352214642e-10
9388,0.0,4.469187520061979e-10
9389,0.0,4.4647346930659637e-10
9390,0.0,4.460218860913301e-10
9391,0.0,4.455758262356113e-10
9392,0.0,4.4513212560381987e-10
9393,0.0,4.446860657481011e-10
9394,0.0,4.442538281690389e-10
9395,0.0,4.4379591668253227e-10
9396,0.0,4.4335063398293073e-10
9397,0.0,4.4291167955456956e-10
9398,0.0,4.424640376310407e-10
9399,0.0,4.420318000519785e-10
9400,0.0,4.415802168367122e-10
9401,0.0,4.411420395644683e-10
9402,0.0,4.4069675686486676e-10
9403,0.0,4.402629372179945e-10
9404,0.0,4.398168773622757e-10
9405,0.0,4.393795050017246e-10
9406,0.0,4.3894093915142207e-10
9407,0.0,4.3849959774355796e-10
9408,0.0,4.380606433151968e-10
9409,0.0,4.376236595327043e-10
9410,0.0,4.371910333755835e-10
9411,0.0,4.367496919677194e-10
9412,0.0,4.363174543886572e-10
9413,0.0,4.3587375375686577e-10
9414,0.0,4.354379634641248e-10
9415,0.0,4.3501360846853743e-10
9416,0.0,4.3457229481624893e-10
9417,0.0,4.341396409035525e-10
9418,0.0,4.3369002833415493e-10
9419,0.0,4.3326686682831905e-10
9420,0.0,4.328369884731842e-10
9421,0.0,4.3239645197701293e-10
9422,0.0,4.3196971000192264e-10
9423,0.0,4.3154813056389685e-10
9424,0.0,4.310985179944993e-10
9425,0.0,4.306706102852331e-10
9426,0.0,4.302446732218357e-10
9427,0.0,4.2982387093992713e-10
9428,0.0,4.2937425837052956e-10
9429,0.0,4.2895267893250377e-10
9430,0.0,4.285299060047265e-10
9431,0.0,4.2810516243108054e-10
9432,0.0,4.2766581942466075e-10
9433,0.0,4.2724104809543917e-10
9434,0.0,4.26819857235472e-10
9435,0.0,4.263982777974462e-10
9436,0.0,4.2596681737450126e-10
9437,0.0,4.255266694563886e-10
9438,0.0,4.2510509001836283e-10
9439,0.0,4.246807350227755e-10
9440,0.0,4.2425993274086693e-10
9441,0.0,4.2383874188089976e-10
9442,0.0,4.234175510209326e-10
9443,0.0,4.2299358460340386e-10
9444,0.0,4.225597649565316e-10
9445,0.0,4.221385740965644e-10
9446,0.0,4.2171777181465586e-10
9447,0.0,4.2129735811080593e-10
9448,0.0,4.2087933138645894e-10
9449,0.0,4.204585291045504e-10
9450,0.0,4.200373382445832e-10
9451,0.0,4.196169245407333e-10
9452,0.0,4.191957336807661e-10
9453,0.0,4.187749313988576e-10
9454,0.0,4.1836717423748837e-10
9455,0.0,4.179475654453313e-10
9456,0.0,4.1752715174148136e-10
9457,0.0,4.171024081678354e-10
9458,0.0,4.166883227352258e-10
9459,0.0,4.16280537818281e-10
9460,0.0,4.1585934695831384e-10
9461,0.0,4.15440515322274e-10
9462,0.0,4.150201293739997e-10
9463,0.0,4.1461195587899624e-10
9464,0.0,4.1419076501902907e-10
9465,0.0,4.1377035131517914e-10
9466,0.0,4.1337364087290496e-10
9467,0.0,4.1295322716905503e-10
9468,0.0,4.125383645803282e-10
9469,0.0,4.12126638371646e-10
9470,0.0,4.117176877205253e-10
9471,0.0,4.113035745323401e-10
9472,0.0,4.1089817659489825e-10
9473,0.0,4.1048331400617144e-10
9474,0.0,4.100700057296791e-10
9475,0.0,4.096535610731422e-10
9476,0.0,4.0925210442743776e-10
9477,0.0,4.0884470808855156e-10
9478,0.0,4.0843181614569346e-10
9479,0.0,4.080248361404415e-10
9480,0.0,4.0761508057762796e-10
9481,0.0,4.072077119943174e-10
9482,0.0,4.0680112056712403e-10
9483,0.0,4.06403605213157e-10
9484,0.0,4.0598438499905853e-10
9485,0.0,4.055833169314127e-10
9486,0.0,4.051771418378536e-10
9487,0.0,4.0477290963458756e-10
9488,0.0,4.0436670678545283e-10
9489,0.0,4.039530099309019e-10
9490,0.0,4.0356221142623383e-10
9491,0.0,4.0315523142098186e-10
9492,0.0,4.0274589219180257e-10
9493,0.0,4.023531230412658e-10
9494,0.0,4.0194494954626236e-10
9495,0.0,4.015490162601054e-10
9496,0.0,4.0114164767679483e-10
9497,0.0,4.0074490947894503e-10
9498,0.0,4.0033912296344454e-10
9499,0.0,3.99947130969025e-10
9500,0.0,3.99535821093977e-10
9501,0.0,3.9915212801666655e-10
9502,0.0,3.98738042584057e-10
9503,0.0,3.9834210929790004e-10
9504,0.0,3.9794892381372904e-10
9505,0.0,3.975463014338487e-10
9506,0.0,3.971582507311666e-10
9507,0.0,3.9674930008004594e-10
9508,0.0,3.9636521842467687e-10
9509,0.0,3.9595388079405325e-10
9510,0.0,3.955575589298377e-10
9511,0.0,3.951695359827312e-10
9512,0.0,3.9476649726921664e-10
9513,0.0,3.9438358134802343e-10
9514,0.0,3.939845116818219e-10
9515,0.0,3.9358857839566497e-10
9516,0.0,3.9319184019781517e-10
9517,0.0,3.9280856345413895e-10
9518,0.0,3.9240313776112146e-10
9519,0.0,3.9201866752769376e-10
9520,0.0,3.9163536302844193e-10
9521,0.0,3.9122996509100005e-10
9522,0.0,3.9083994374244924e-10
9523,0.0,3.904440382118679e-10
9524,0.0,3.900670342282808e-10
9525,0.0,3.896715172757581e-10
9526,0.0,3.8927874812522134e-10
9527,0.0,3.8888950393278776e-10
9528,0.0,3.8850622718911154e-10
9529,0.0,3.881158172625021e-10
9530,0.0,3.877329013413089e-10
9531,0.0,3.8733696805515194e-10
9532,0.0,3.8695407988953434e-10
9533,0.0,3.8656289280680767e-10
9534,0.0,3.861740649480083e-10
9535,0.0,3.8579708871999685e-10
9536,0.0,3.8540784452756327e-10
9537,0.0,3.850182395126467e-10
9538,0.0,3.8464165186269383e-10
9539,0.0,3.842461071545955e-10
9540,0.0,3.838632189889779e-10
9541,0.0,3.8348149655753616e-10
9542,0.0,3.831049089075833e-10
9543,0.0,3.8271569247072534e-10
9544,0.0,3.823391048207725e-10
9545,0.0,3.819510541180904e-10
9546,0.0,3.815685545305314e-10
9547,0.0,3.8118525003127957e-10
9548,0.0,3.8080236186566196e-10
9549,0.0,3.804277448615778e-10
9550,0.0,3.800483816540634e-10
9551,0.0,3.796654934884458e-10
9552,0.0,3.792827718562819e-10
9553,0.0,3.789012714694451e-10
9554,0.0,3.785311786241863e-10
9555,0.0,3.781482904585687e-10
9556,0.0,3.7777347916545523e-10
9557,0.0,3.773935330908529e-10
9558,0.0,3.77019693242886e-10
9559,0.0,3.766429113039038e-10
9560,0.0,3.762602174273155e-10
9561,0.0,3.7588834822521733e-10
9562,0.0,3.755119826198694e-10
9563,0.0,3.751381427719025e-10
9564,0.0,3.7476136083292033e-10
9565,0.0,3.7438971367542706e-10
9566,0.0,3.740131260254742e-10
9567,0.0,3.736319864611204e-10
9568,0.0,3.7326289281658376e-10
9569,0.0,3.7289718535227223e-10
9570,0.0,3.7251465800913763e-10
9571,0.0,3.7214084591674634e-10
9572,0.0,3.71767616691443e-10
9573,0.0,3.7140523989620533e-10
9574,0.0,3.710256823996616e-10
9575,0.0,3.7065817082293506e-10
9576,0.0,3.702883000222812e-10
9577,0.0,3.699166528647879e-10
9578,0.0,3.695424244387624e-10
9579,0.0,3.691757177737287e-10
9580,0.0,3.6881353526752036e-10
9581,0.0,3.6844285955517364e-10
9582,0.0,3.6807298875451977e-10
9583,0.0,3.677084470243841e-10
9584,0.0,3.6733383002029996e-10
9585,0.0,3.6696709559969065e-10
9586,0.0,3.665995840229641e-10
9587,0.0,3.662344594257405e-10
9588,0.0,3.658714720078393e-10
9589,0.0,3.6549963056131674e-10
9590,0.0,3.6513805867777194e-10
9591,0.0,3.647800117523303e-10
9592,0.0,3.6440697681605627e-10
9593,0.0,3.640457935105701e-10
9594,0.0,3.636806411577709e-10
9595,0.0,3.633194578522847e-10
9596,0.0,3.629543054994855e-10
9597,0.0,3.625947042618094e-10
9598,0.0,3.6222638777339e-10
9599,0.0,3.61868368603524e-10
9600,0.0,3.615032162507248e-10
9601,0.0,3.6114242152329723e-10
9602,0.0,3.607835974417384e-10
9603,0.0,3.60419250000632e-10
9604,0.0,3.6005254333559833e-10
9605,0.0,3.596976605457769e-10
9606,0.0,3.593400299539695e-10
9607,0.0,3.5898120587241067e-10
9608,0.0,3.5862315894696906e-10
9609,0.0,3.582619756414829e-10
9610,0.0,3.5790373442701195e-10
9611,0.0,3.575452989235117e-10
9612,0.0,3.5719358026931047e-10
9613,0.0,3.568355610994445e-10
9614,0.0,3.564678552336886e-10
9615,0.0,3.561161365794874e-10
9616,0.0,3.5575808965404576e-10
9617,0.0,3.554059824217859e-10
9618,0.0,3.5505445805661395e-10
9619,0.0,3.5469641113117234e-10
9620,0.0,3.543446924769711e-10
9621,0.0,3.539884496639445e-10
9622,0.0,3.536304027385029e-10
9623,0.0,3.53278295506243e-10
9624,0.0,3.529240233390851e-10
9625,0.0,3.5257188835124964e-10
9626,0.0,3.522270808353767e-10
9627,0.0,3.5186867308745207e-10
9628,0.0,3.5151753730033874e-10
9629,0.0,3.511606838646486e-10
9630,0.0,3.508095480775353e-10
9631,0.0,3.50464546272633e-10
9632,0.0,3.5011263332940246e-10
9633,0.0,3.4976446738888e-10
9634,0.0,3.4941452509151816e-10
9635,0.0,3.4905647816607654e-10
9636,0.0,3.487116706502036e-10
9637,0.0,3.4835995199600234e-10
9638,0.0,3.4801633796988085e-10
9639,0.0,3.4766520218276753e-10
